public/data/weather/temp-json-20190612.json
{"header": { "discipline":0, "disciplineName":"Meteorological products", "gribEdition":2, "gribLength":47789, "center":7, "centerName":"US National Weather Service - NCEP(WMC)", "subcenter":0, "refTime":"2019-06-12T00:00:00.000Z", "significanceOfRT":1, "significanceOfRTName":"Start of forecast", "productStatus":0, "productStatusName":"Operational products", "productType":1, "productTypeName":"Forecast products", "productDefinitionTemplate":0, "productDefinitionTemplateName":"Analysis/forecast at horizontal level/layer at a point in time", "parameterCategory":0, "parameterCategoryName":"Temperature", "parameterNumber":0, "parameterNumberName":"Temperature", "parameterUnit":"K", "genProcessType":2, "genProcessTypeName":"Forecast", "forecastTime":0, "surface1Type":1, "surface1TypeName":"Ground or water surface", "surface1Value":0.0, "surface2Type":255, "surface2TypeName":"Missing", "surface2Value":0.0, "gridDefinitionTemplate":0, "gridDefinitionTemplateName":"Latitude_Longitude", "numberPoints":65160, "shape":6, "shapeName":"Earth spherical with radius of 6,371,229.0 m", "gridUnits":"degrees", "resolution":48, "winds":"true", "scanMode":0, "nx":360, "ny":181, "basicAngle":0, "lo1":0.0, "la1":90.0, "lo2":359.0, "la2":-90.0, "dx":1.0, "dy":1.0 }, "data":
[rows 78 to 103 of 181, columns 60 to 119 of 360]
303.08746,303.08746,303.08746,303.28745,303.18744,303.28745,302.98746,303.18744,303.28745,303.08746,302.98746,302.98746,302.68744,302.68744,302.48746,302.68744,294.08746,296.88745,298.68744,302.28745,303.08746,303.58746,303.38745,303.48746,303.38745,303.28745,303.48746,303.28745,303.18744,303.28745,303.58746,303.68744,303.58746,302.98746,302.88745,302.98746,302.98746,302.98746,302.58746,298.38745,303.48746,304.68744,304.58746,296.98746,298.18744,301.78745,300.48746,299.28745,297.28745,300.98746,304.08746,304.28745,304.48746,304.28745,304.08746,304.48746,304.58746,304.38745,304.28745,304.28745
302.88745,302.98746,302.98746,302.98746,303.08746,302.88745,302.78745,302.98746,302.78745,302.88745,302.78745,302.58746,302.58746,302.68744,302.58746,302.28745,297.88745,299.18744,301.48746,302.68744,303.18744,303.58746,303.58746,303.58746,303.28745,303.18744,303.08746,302.98746,302.98746,303.08746,303.38745,303.68744,303.48746,303.38745,303.18744,302.68744,302.68744,302.98746,302.58746,298.28745,304.18744,304.58746,304.48746,304.58746,298.98746,303.88745,302.58746,301.88745,302.68744,303.68744,304.28745,304.58746,304.58746,304.48746,304.28745,303.58746,304.18744,304.38745,304.18744,303.98746
302.78745,302.88745,302.88745,302.88745,302.98746,302.88745,302.88745,302.68744,302.78745,302.58746,302.48746,302.28745,302.68744,302.48746,302.58746,302.58746,302.68744,293.28745,301.48746,303.38745,302.98746,303.28745,303.58746,303.18744,302.98746,302.88745,302.68744,302.78745,302.68744,302.88745,303.08746,303.28745,303.38745,303.28745,302.98746,302.68744,302.58746,302.98746,302.58746,299.58746,303.38745,304.48746,304.48746,304.08746,304.78745,305.18744,301.88745,304.68744,304.28745,304.08746,304.28745,304.58746,304.48746,304.58746,304.58746,304.68744,304.68744,304.58746,304.18744,301.28745
302.68744,302.68744,302.68744,302.78745,302.78745,302.78745,302.68744,302.68744,302.48746,302.38745,302.38745,302.38745,302.58746,302.58746,302.68744,302.68744,302.58746,296.68744,302.58746,302.58746,302.38745,302.58746,303.38745,303.28745,302.88745,302.58746,302.58746,302.58746,302.78745,302.48746,302.78745,303.08746,302.98746,302.58746,302.68744,302.58746,302.58746,302.98746,303.18744,299.08746,303.08746,304.48746,304.48746,304.18744,304.58746,303.88745,304.38745,303.88745,304.08746,304.18744,304.38745,304.18744,303.58746,304.08746,303.78745,304.38745,304.38745,304.38745,304.48746,304.28745
302.78745,302.68744,302.78745,302.68744,302.68744,302.48746,302.58746,302.58746,302.58746,302.48746,302.28745,302.38745,302.48746,302.48746,302.58746,302.78745,302.58746,302.38745,302.28745,302.68744,299.98746,299.38745,303.08746,303.28745,302.68744,302.58746,302.48746,302.48746,302.38745,302.48746,302.78745,302.88745,303.08746,302.68744,302.58746,302.58746,302.78745,303.08746,303.28745,301.58746,300.28745,304.18744,304.38745,304.38745,304.28745,304.18744,304.08746,303.88745,304.08746,303.98746,304.18744,303.98746,303.78745,304.38745,304.28745,303.88745,304.28745,303.68744,304.68744,304.28745
302.88745,302.98746,302.78745,302.58746,302.58746,302.48746,302.38745,302.48746,302.48746,302.38745,302.38745,302.58746,302.58746,302.18744,302.58746,302.58746,302.38745,302.38745,302.48746,302.58746,298.48746,293.98746,302.68744,302.98746,302.68744,302.58746,302.58746,302.58746,302.58746,302.58746,302.88745,303.08746,302.88745,302.98746,302.38745,302.88745,302.98746,303.28745,303.38745,303.38745,299.58746,303.08746,303.68744,304.18744,303.98746,303.68744,303.98746,303.88745,303.88745,303.88745,303.98746,303.98746,303.98746,304.18744,304.18744,304.08746,303.98746,303.78745,304.48746,304.28745
302.88745,302.98746,302.88745,302.78745,302.68744,302.38745,302.28745,302.28745,302.38745,302.28745,302.28745,302.68744,302.68744,302.08746,302.38745,302.48746,302.28745,302.18744,302.48746,302.58746,302.38745,302.48746,302.78745,302.88745,302.78745,302.78745,302.78745,302.78745,302.78745,302.98746,303.08746,303.18744,303.18744,303.18744,303.18744,302.88745,303.08746,303.28745,303.68744,303.58746,303.48746,296.28745,298.08746,303.58746,303.88745,303.78745,303.88745,303.98746,303.98746,303.88745,303.78745,303.78745,303.68744,303.68744,303.68744,303.58746,303.68744,301.28745,303.58746,304.28745
303.18744,302.98746,302.88745,302.88745,302.68744,302.48746,302.48746,302.38745,302.18744,302.28745,302.28745,302.58746,302.58746,301.88745,302.28745,302.48746,302.38745,302.38745,302.38745,302.58746,302.68744,302.78745,302.68744,302.88745,302.88745,302.78745,302.78745,302.98746,303.28745,303.08746,303.28745,303.48746,303.38745,303.48746,303.48746,303.18744,292.38745,296.78745,303.18744,303.88745,303.68744,297.18744,296.98746,298.18744,303.68744,303.68744,303.78745,304.08746,303.18744,303.78745,303.88745,303.58746,303.68744,303.68744,303.68744,303.08746,297.48746,297.48746,301.78745,303.68744
302.98746,302.98746,303.08746,302.98746,302.98746,302.78745,302.58746,302.48746,302.38745,302.18744,302.08746,302.38745,302.48746,301.98746,302.48746,302.68744,302.38745,302.58746,302.68744,302.78745,302.68744,302.88745,302.98746,302.98746,303.08746,302.88745,302.98746,303.18744,303.28745,303.38745,303.48746,303.58746,303.58746,303.78745,303.78745,303.68744,303.08746,291.68744,297.98746,303.58746,303.88745,298.78745,297.18744,297.48746,303.78745,303.78745,303.78745,304.08746,302.58746,304.08746,304.08746,303.98746,303.98746,304.08746,300.78745,297.48746,296.28745,300.48746,304.38745,304.08746
303.08746,303.08746,303.18744,303.08746,302.88745,302.98746,302.88745,302.68744,302.68744,302.38745,302.18744,302.48746,302.88745,302.18744,302.38745,302.88745,302.58746,302.58746,302.68744,302.78745,302.98746,302.88745,302.98746,303.08746,303.18744,303.18744,303.18744,303.18744,303.38745,303.48746,303.48746,303.68744,303.58746,303.68744,303.88745,303.58746,303.08746,303.18744,294.78745,295.78745,303.48746,303.88745,297.08746,298.18744,303.58746,303.78745,303.68744,304.18744,304.08746,303.98746,304.58746,304.48746,304.38745,299.38745,300.68744,296.38745,296.38745,299.98746,303.98746,303.88745
303.28745,303.18744,303.18744,303.08746,303.08746,303.08746,302.78745,302.78745,302.78745,302.68744,302.48746,302.68744,302.88745,302.28745,302.68744,302.88745,302.68744,302.68744,302.68744,302.78745,302.88745,302.98746,303.08746,302.98746,303.28745,303.28745,303.48746,303.38745,303.28745,303.48746,303.48746,303.48746,303.78745,303.68744,303.68744,303.68744,303.28745,302.88745,303.28745,291.28745,298.18744,298.58746,304.08746,299.88745,300.28745,303.78745,303.88745,304.18744,304.58746,304.58746,304.68744,305.18744,300.48746,299.28745,300.58746,297.88745,299.78745,298.98746,303.98746,303.38745
303.28745,303.28745,303.28745,303.18744,303.08746,302.98746,302.78745,302.88745,302.88745,302.88745,303.18744,302.98746,303.08746,302.78745,303.08746,302.98746,302.78745,302.58746,302.68744,302.88745,302.88745,302.88745,302.98746,302.98746,303.18744,303.18744,303.18744,303.18744,303.38745,303.38745,303.38745,303.58746,303.58746,303.48746,303.58746,303.58746,303.48746,302.98746,302.98746,299.28745,298.38745,298.18744,298.18744,298.88745,299.18744,303.68744,303.78745,303.88745,304.28745,299.78745,295.68744,298.48746,299.18744,298.88745,294.68744,299.38745,295.78745,300.98746,302.18744,301.58746
303.48746,303.38745,303.58746,303.48746,303.18744,303.08746,302.88745,302.98746,303.18744,303.18744,303.18744,303.28745,303.38745,302.48746,302.98746,303.18744,302.98746,302.88745,302.78745,302.98746,302.98746,302.88745,302.98746,302.88745,302.98746,302.98746,303.08746,303.08746,303.18744,303.28745,303.38745,303.38745,303.58746,303.48746,303.48746,303.48746,303.48746,303.48746,302.98746,303.18744,294.48746,296.78745,296.98746,297.38745,303.98746,303.78745,303.78745,303.78745,304.08746,304.28745,300.18744,299.08746,298.18744,296.58746,298.18744,298.38745,299.78745,299.98746,303.18744,303.18744
303.38745,303.48746,303.58746,303.68744,303.48746,303.48746,303.28745,303.38745,303.28745,303.38745,303.28745,303.48746,303.38745,302.68744,303.18744,303.28745,303.18744,302.88745,303.18744,302.98746,302.88745,302.98746,302.88745,302.88745,302.88745,302.88745,302.68744,302.98746,302.98746,303.18744,303.08746,303.28745,303.28745,303.38745,303.38745,303.48746,303.38745,303.38745,303.18744,302.18744,303.18744,292.28745,296.98746,296.98746,303.58746,303.98746,303.88745,303.68744,303.88745,304.08746,298.38745,297.18744,296.78745,297.58746,300.58746,300.58746,298.88745,299.68744,302.78745,303.08746
303.28745,303.38745,303.58746,303.58746,303.68744,303.48746,303.28745,303.18744,303.28745,303.28745,303.18744,303.38745,303.38745,303.48746,303.38745,303.38745,303.18744,303.08746,303.08746,302.98746,302.88745,302.78745,302.88745,302.68744,302.88745,302.88745,302.78745,302.78745,303.08746,303.08746,303.08746,303.08746,303.18744,303.28745,303.38745,303.18744,303.38745,303.28745,303.18744,302.68744,303.18744,297.08746,296.38745,296.38745,297.98746,304.08746,297.98746,303.68744,303.68744,303.88745,304.08746,297.18744,297.18744,298.58746,298.48746,298.78745,300.88745,302.78745,302.68744,302.78745
303.08746,303.18744,303.28745,303.38745,303.38745,303.48746,303.28745,303.38745,303.38745,303.28745,303.28745,303.18744,303.18744,303.38745,303.08746,303.08746,302.88745,303.08746,302.98746,302.98746,302.68744,302.68744,302.88745,302.88745,302.78745,302.88745,302.88745,303.08746,303.08746,303.18744,303.08746,303.28745,303.18744,303.28745,303.18744,303.08746,303.08746,302.98746,303.08746,302.88745,302.68744,303.18744,295.28745,296.48746,297.68744,298.08746,300.98746,303.58746,298.38745,303.48746,303.68744,301.18744,298.48746,299.68744,298.48746,298.88745,299.58746,302.48746,302.48746,297.88745
302.88745,302.98746,303.18744,303.08746,303.28745,303.28745,303.38745,303.18744,303.18744,303.18744,303.08746,302.98746,302.88745,302.88745,302.88745,302.78745,302.68744,302.88745,302.88745,302.78745,302.68744,302.78745,302.68744,302.78745,302.88745,302.98746,303.08746,302.98746,303.08746,303.18744,303.28745,303.08746,303.18744,303.08746,303.08746,303.08746,303.08746,302.88745,302.88745,302.78745,302.78745,302.48746,302.78745,292.18744,295.58746,298.58746,303.58746,303.38745,303.18744,303.28745,303.58746,303.68744,303.68744,303.48746,303.28745,302.28745,303.48746,302.58746,302.48746,302.58746
302.98746,302.98746,302.88745,302.98746,303.08746,302.98746,302.98746,302.98746,302.98746,302.98746,302.88745,302.68744,302.18744,302.38745,302.58746,302.58746,302.48746,302.78745,302.78745,302.78745,302.58746,302.68744,302.58746,302.58746,302.58746,302.68744,302.78745,302.88745,303.08746,302.88745,303.08746,302.98746,302.98746,302.98746,302.88745,303.08746,303.08746,302.88745,302.68744,302.58746,302.68744,302.68744,302.68744,302.68744,293.58746,298.18744,303.08746,303.28745,302.98746,303.08746,303.28745,303.38745,303.18744,303.08746,302.88745,302.98746,302.78745,302.68744,302.38745,302.38745
302.78745,302.88745,302.78745,302.88745,302.68744,302.78745,302.68744,302.58746,302.48746,302.68744,302.58746,302.18744,302.08746,302.18744,302.18744,302.08746,302.18744,302.38745,302.48746,302.38745,302.18744,302.38745,302.38745,302.38745,302.38745,302.38745,302.58746,302.68744,302.68744,302.78745,302.68744,302.68744,302.58746,302.78745,302.78745,302.88745,302.78745,302.88745,302.58746,302.58746,302.48746,302.38745,302.28745,302.48746,302.18744,302.08746,301.58746,302.78745,302.88745,302.98746,303.28745,303.28745,303.08746,302.98746,302.68744,302.68744,302.38745,302.18744,302.28745,301.98746
302.58746,302.58746,302.48746,302.58746,302.38745,302.48746,302.38745,302.48746,302.48746,302.38745,302.18744,301.78745,301.78745,301.78745,301.88745,302.08746,301.98746,301.88745,301.98746,302.18744,301.98746,302.08746,302.18744,302.28745,302.28745,302.38745,302.18744,302.38745,302.58746,302.38745,302.28745,302.38745,302.48746,302.48746,302.68744,302.58746,302.78745,302.78745,302.38745,302.48746,302.28745,302.18744,302.18744,302.18744,301.98746,301.68744,301.18744,293.88745,294.28745,300.28745,300.88745,299.58746,299.78745,301.58746,302.98746,302.28745,302.08746,301.88745,301.68744,301.58746
302.28745,302.28745,302.08746,302.28745,302.28745,302.18744,302.18744,302.08746,302.08746,301.88745,301.68744,301.68744,301.58746,301.58746,301.58746,301.58746,301.58746,301.48746,301.58746,301.58746,301.58746,301.78745,302.08746,302.08746,301.98746,301.98746,301.98746,302.08746,302.08746,301.98746,302.08746,301.98746,301.98746,302.08746,302.38745,302.28745,302.28745,302.28745,302.28745,302.28745,302.08746,302.08746,301.98746,301.88745,301.78745,301.58746,301.08746,300.98746,300.68744,300.78745,300.58746,297.88745,299.08746,290.48746,294.98746,302.28745,301.48746,301.28745,300.88745,301.28745
301.88745,301.78745,301.88745,301.78745,301.88745,301.88745,301.98746,301.88745,301.68744,301.48746,301.48746,301.38745,301.18744,301.28745,301.28745,301.18744,301.28745,301.18744,301.38745,301.18744,301.28745,301.48746,301.58746,301.68744,301.58746,301.68744,301.88745,301.68744,301.68744,301.78745,301.68744,301.88745,301.98746,301.98746,301.88745,302.18744,302.18744,302.18744,302.18744,302.08746,301.98746,302.08746,301.98746,301.78745,301.78745,301.58746,301.18744,301.18744,300.78745,300.78745,300.58746,300.38745,300.38745,300.38745,300.28745,300.28745,300.18744,296.38745,300.28745,300.48746
301.38745,301.38745,301.48746,301.48746,301.58746,301.58746,301.68744,301.48746,301.48746,301.38745,301.28745,301.08746,300.98746,300.78745,300.88745,300.88745,301.08746,300.98746,300.98746,301.08746,301.18744,301.38745,301.28745,301.48746,301.38745,301.38745,301.68744,301.58746,301.58746,301.78745,301.38745,301.58746,301.88745,301.78745,301.88745,301.78745,301.98746,302.08746,301.98746,301.98746,301.88745,301.88745,301.88745,301.58746,301.48746,301.28745,300.98746,300.98746,300.78745,300.58746,300.38745,300.38745,300.28745,300.18744,299.98746,299.98746,299.88745,299.78745,299.78745,300.38745
301.18744,301.08746,301.08746,301.18744,301.28745,301.28745,301.58746,301.48746,301.28745,301.18744,300.98746,300.88745,300.78745,300.68744,300.58746,300.78745,300.88745,300.88745,300.88745,300.88745,300.88745,300.88745,300.88745,301.08746,300.98746,301.18744,301.28745,301.28745,301.38745,301.48746,301.38745,301.48746,301.48746,301.68744,301.78745,301.88745,301.88745,301.88745,301.98746,302.08746,302.08746,301.78745,301.68744,301.38745,301.48746,301.08746,300.88745,300.98746,300.68744,300.58746,300.48746,300.48746,300.38745,300.38745,300.28745,300.18744,299.88745,299.78745,299.78745,299.78745
300.68744,300.78745,300.88745,300.78745,300.88745,301.18744,301.08746,301.38745,301.08746,300.78745,300.78745,300.58746,300.58746,300.38745,300.58746,300.58746,300.48746,300.58746,300.48746,300.58746,300.58746,300.68744,300.58746,300.98746,300.88745,300.88745,301.08746,301.18744,301.18744,301.28745,301.38745,301.48746,301.48746,301.68744,301.58746,301.78745,301.68744,301.28745,301.68744,301.88745,301.78745,301.68744,301.38745,300.98746,301.08746,300.98746,300.88745,301.08746,300.58746,300.48746,300.48746,300.48746,300.48746,300.48746,300.38745,300.18744,300.18744,300.08746,300.08746,300.18744
300.38745,300.48746,300.58746,300.78745,300.68744,300.78745,301.08746,300.98746,301.08746,300.68744,300.48746,300.48746,300.38745,300.28745,300.48746,300.48746,300.38745,300.38745,300.18744,300.28745,300.18744,300.18744,300.28745,300.48746,300.48746,300.48746,300.58746,300.58746,300.78745,300.88745,301.08746,301.28745,301.48746,301.58746,301.58746,301.48746,301.48746,301.48746,301.68744,301.58746,301.48746,301.48746,301.08746,300.98746,300.88745,300.98746,300.88745,300.88745,300.48746,300.58746,300.48746,300.48746,300.58746,300.48746,300.38745,300.48746,300.48746,300.48746,300.58746,300.58746
