public/data/weather/temp-json-20190612.json
{"header": { "discipline":0, "disciplineName":"Meteorological products", "gribEdition":2, "gribLength":47789, "center":7, "centerName":"US National Weather Service - NCEP(WMC)", "subcenter":0, "refTime":"2019-06-12T00:00:00.000Z", "significanceOfRT":1, "significanceOfRTName":"Start of forecast", "productStatus":0, "productStatusName":"Operational products", "productType":1, "productTypeName":"Forecast products", "productDefinitionTemplate":0, "productDefinitionTemplateName":"Analysis/forecast at horizontal level/layer at a point in time", "parameterCategory":0, "parameterCategoryName":"Temperature", "parameterNumber":0, "parameterNumberName":"Temperature", "parameterUnit":"K", "genProcessType":2, "genProcessTypeName":"Forecast", "forecastTime":0, "surface1Type":1, "surface1TypeName":"Ground or water surface", "surface1Value":0.0, "surface2Type":255, "surface2TypeName":"Missing", "surface2Value":0.0, "gridDefinitionTemplate":0, "gridDefinitionTemplateName":"Latitude_Longitude", "numberPoints":65160, "shape":6, "shapeName":"Earth spherical with radius of 6,371,229.0 m", "gridUnits":"degrees", "resolution":48, "winds":"true", "scanMode":0, "nx":360, "ny":181, "basicAngle":0, "lo1":0.0, "la1":90.0, "lo2":359.0, "la2":-90.0, "dx":1.0, "dy":1.0 }, "data":
[rows 130 to 155 of 181, columns 300 to 359 of 360]
286.38745,285.08746,284.28745,284.18744,282.28745,281.98746,284.78745,291.68744,292.18744,291.88745,290.78745,289.08746,287.58746,288.88745,287.98746,286.28745,287.08746,289.38745,289.28745,288.38745,287.78745,288.48746,288.68744,287.68744,288.38745,286.88745,286.88745,288.88745,289.18744,288.58746,287.78745,287.28745,287.28745,287.18744,286.68744,286.58746,286.88745,286.78745,285.88745,285.98746,286.28745,286.08746,285.38745,284.48746,284.68744,285.18744,284.78745,285.08746,285.48746,285.18744,285.08746,285.08746,285.08746,285.28745,285.08746,285.08746,284.88745,285.08746,284.78745,284.48746
284.58746,283.38745,283.08746,281.48746,281.48746,283.38745,288.48746,290.68744,287.98746,287.88745,287.08746,285.68744,285.88745,286.78745,286.28745,286.58746,286.28745,285.58746,286.88745,287.68744,288.18744,288.58746,288.48746,287.68744,287.08746,285.88745,286.38745,287.58746,288.08746,287.88745,287.68744,287.38745,287.18744,286.88745,286.48746,286.28745,285.98746,285.38745,284.68744,284.68744,284.78745,284.58746,284.68744,284.58746,284.68744,284.48746,284.08746,284.18744,284.78745,284.68744,284.88745,284.88745,284.48746,284.58746,285.08746,284.68744,283.88745,283.68744,283.68744,283.48746
284.08746,283.08746,281.68744,280.38745,282.08746,285.48746,290.98746,290.38745,290.38745,289.78745,289.88745,287.88745,286.88745,286.48746,285.88745,286.18744,286.88745,286.48746,285.68744,285.98746,287.08746,287.58746,286.18744,284.78745,285.28745,285.58746,284.98746,284.68744,286.18744,286.48746,286.38745,286.78745,286.58746,286.48746,286.08746,285.98746,286.08746,285.48746,284.18744,283.68744,282.98746,282.48746,282.88745,283.68744,284.68744,284.68744,284.58746,284.18744,283.88745,283.88745,283.88745,284.18744,284.28745,283.78745,283.88745,283.88745,283.88745,283.68744,283.58746,283.28745
282.78745,280.88745,280.88745,282.28745,283.28745,285.98746,287.98746,287.58746,287.88745,287.88745,288.98746,287.18744,285.98746,285.58746,285.08746,284.68744,284.58746,284.48746,283.88745,284.08746,284.48746,284.08746,282.98746,283.58746,285.48746,286.28745,285.28745,284.08746,285.68744,285.58746,285.28745,284.48746,284.98746,284.98746,284.18744,283.48746,284.08746,285.48746,284.98746,283.68744,282.98746,282.68744,282.38745,281.88745,281.88745,282.28745,283.88745,284.08746,283.68744,283.98746,283.98746,283.98746,283.58746,282.88745,282.58746,282.68744,283.58746,283.38745,282.78745,282.58746
281.48746,278.98746,281.48746,283.28745,283.68744,284.28745,284.98746,283.88745,284.18744,284.88745,286.38745,285.38745,284.98746,285.28745,284.88745,284.08746,283.48746,283.38745,283.28745,283.38745,283.28745,282.78745,282.58746,283.18744,284.08746,284.18744,284.58746,283.58746,284.38745,284.68744,282.98746,281.78745,282.38745,283.08746,283.08746,283.58746,282.68744,283.98746,284.18744,282.58746,282.88745,283.08746,283.08746,282.58746,281.18744,280.18744,281.48746,282.78745,283.28745,283.68744,283.88745,283.78745,283.68744,283.48746,283.38745,283.08746,282.58746,282.28745,281.68744,281.48746
280.28745,278.38745,280.78745,282.78745,283.78745,283.28745,284.58746,284.28745,285.58746,284.68744,284.68744,284.18744,283.98746,284.38745,283.98746,283.48746,283.48746,283.58746,283.48746,283.18744,283.18744,283.08746,282.88745,282.08746,282.18744,281.78745,281.68744,281.78745,280.78745,281.08746,280.98746,281.48746,281.08746,279.88745,279.88745,280.98746,280.18744,281.98746,283.38745,282.18744,281.38745,281.68744,281.68744,281.88745,280.68744,279.78745,279.38745,279.58746,279.98746,280.68744,281.28745,280.48746,280.18744,281.48746,283.08746,282.58746,280.98746,280.38745,280.08746,279.38745
279.78745,278.38745,280.38745,282.58746,281.58746,281.18744,284.88745,285.88745,285.28745,284.08746,284.18744,283.98746,283.38745,283.28745,282.98746,283.28745,283.48746,283.48746,283.48746,283.08746,282.98746,283.18744,283.58746,282.38745,281.88745,281.98746,280.98746,280.48746,280.28745,280.88745,280.38745,279.78745,280.48746,279.98746,279.38745,279.78745,280.58746,281.58746,279.98746,277.98746,278.58746,279.58746,279.38745,279.28745,279.48746,279.18744,279.38745,278.48746,277.18744,277.38745,278.18744,278.18744,277.88745,278.68744,280.08746,279.18744,278.18744,278.68744,279.58746,279.08746
278.98746,278.08746,279.08746,280.28745,280.08746,280.38745,283.38745,284.88745,285.78745,285.68744,284.48746,284.28745,284.38745,283.88745,282.98746,283.38745,283.98746,283.88745,284.08746,283.58746,282.98746,282.88745,282.28745,282.48746,282.18744,281.58746,280.98746,280.18744,279.68744,278.98746,278.38745,279.38745,278.48746,278.38745,279.28745,278.68744,278.28745,278.98746,278.78745,278.18744,279.78745,280.88745,280.28745,279.48746,279.08746,279.08746,278.78745,277.18744,276.88745,277.68744,278.08746,277.58746,276.68744,276.58746,277.38745,278.18744,278.18744,278.28745,278.18744,277.88745
278.78745,278.58746,278.78745,278.78745,279.48746,280.38745,280.28745,280.48746,282.18744,283.68744,284.38745,285.08746,284.58746,282.58746,283.28745,284.28745,282.98746,281.18744,282.18744,284.08746,283.48746,283.18744,282.68744,282.88745,281.78745,280.48746,280.18744,279.98746,278.78745,276.58746,275.88745,277.28745,276.38745,276.58746,278.28745,278.78745,276.58746,275.38745,276.48746,275.98746,277.28745,279.48746,278.38745,276.68744,277.88745,278.48746,277.18744,277.28745,277.58746,277.08746,276.98746,277.28745,276.38745,275.98746,277.58746,278.58746,277.88745,278.38745,278.58746,278.48746
279.08746,279.08746,279.38745,279.48746,278.98746,278.38745,277.98746,278.58746,279.68744,280.28745,281.78745,282.58746,281.48746,279.98746,280.68744,279.68744,277.88745,277.58746,278.78745,279.28745,277.48746,274.98746,275.38745,277.28745,279.68744,279.78745,277.18744,276.58746,277.78745,277.88745,276.78745,276.58746,275.98746,274.98746,275.18744,276.78745,276.38745,275.28745,275.28745,274.68744,275.18744,276.28745,275.98746,275.38745,276.08746,276.58746,276.78745,277.38745,277.48746,276.58746,275.88745,275.78745,275.38745,275.38745,275.98746,276.68744,276.88745,277.38745,277.58746,277.68744
279.38745,279.28745,279.38745,279.28745,278.88745,278.28745,277.28745,277.08746,277.08746,277.38745,276.88745,275.98746,277.98746,277.48746,276.28745,276.68744,276.48746,276.38745,276.28745,275.58746,274.78745,275.28745,275.68744,275.38745,275.18744,276.48746,276.58746,275.88745,275.58746,274.58746,275.28745,276.68744,276.78745,275.48746,274.98746,275.58746,275.78745,275.38745,274.88745,274.28745,274.28745,274.78745,273.18744,274.58746,274.18744,274.38745,274.88745,272.58746,275.28745,274.68744,274.58746,274.28745,274.18744,274.28745,274.38745,274.58746,275.08746,274.88745,275.08746,273.38745
279.08746,279.08746,278.98746,278.98746,278.58746,277.78745,277.18744,277.28745,277.18744,277.08746,276.98746,275.78745,275.38745,276.08746,275.88745,275.28745,275.38745,276.08746,275.98746,274.48746,274.18744,275.08746,275.68744,275.88745,272.18744,274.78745,274.18744,273.68744,273.88745,274.38745,275.58746,276.18744,275.48746,274.68744,274.08746,273.88745,273.98746,274.08746,274.18744,273.68744,273.58746,273.78745,274.18744,274.28745,274.18744,274.38745,274.78745,274.88745,273.98746,274.28745,273.28745,273.78745,273.88745,273.98746,273.98746,273.98746,274.08746,274.28745,274.28745,274.38745
275.78745,273.48746,279.18744,278.58746,278.08746,277.58746,277.48746,277.68744,277.58746,276.88745,276.58746,276.08746,275.48746,275.48746,275.88745,276.38745,275.98746,275.18744,273.28745,273.18744,274.48746,274.78745,275.08746,274.58746,271.88745,274.38745,273.78745,272.78745,273.08746,272.98746,272.88745,272.68744,272.58746,272.68744,272.98746,273.18744,273.28745,273.48746,273.68744,273.78745,273.48746,273.58746,273.68744,273.78745,271.88745,273.78745,273.78745,273.88745,272.68744,273.48746,273.38745,271.38745,271.58746,272.88745,273.68744,273.78745,272.78745,273.88745,273.98746,273.98746
278.78745,279.18744,278.58746,278.08746,277.38745,276.88745,276.88745,276.98746,276.78745,276.68744,276.38745,275.08746,273.78745,273.28745,273.68744,273.98746,274.18744,274.08746,273.78745,273.78745,274.08746,274.28745,274.28745,273.88745,273.28745,273.38745,273.28745,271.68744,271.98746,271.88745,271.98746,271.98746,271.98746,272.08746,272.68744,272.58746,272.88745,272.88745,273.08746,273.28745,273.38745,273.48746,273.38745,273.38745,273.48746,273.38745,273.28745,273.08746,273.08746,271.88745,272.98746,273.08746,273.18744,273.28745,273.28745,273.28745,273.28745,273.38745,273.28745,273.28745
277.68744,277.98746,277.88745,277.68744,277.28745,276.98746,276.88745,276.98746,276.98746,277.08746,276.28745,274.68744,273.88745,273.78745,273.78745,273.78745,274.08746,274.08746,273.58746,273.38745,273.38745,273.68744,272.18744,271.78745,272.58746,272.58746,272.38745,271.38745,271.38745,271.88745,271.88745,271.78745,271.78745,271.88745,271.88745,271.98746,271.98746,271.98746,271.98746,272.18744,272.58746,272.88745,272.28745,271.98746,272.88745,271.58746,272.78745,272.68744,272.78745,272.68744,272.78745,272.78745,272.78745,272.68744,272.68744,272.38745,272.38745,272.38745,272.28745,272.18744
277.68744,277.88745,277.98746,278.28745,278.18744,277.98746,277.68744,276.98746,276.18744,276.38745,276.08746,274.78745,274.18744,273.68744,273.18744,273.08746,273.28745,272.88745,272.78745,272.78745,272.68744,272.28745,272.48746,272.28745,271.18744,271.88745,271.68744,271.58746,271.48746,271.38745,271.38745,271.48746,271.58746,271.68744,271.68744,271.68744,271.68744,271.68744,271.78745,271.78745,271.78745,272.08746,272.28745,272.48746,272.58746,272.58746,272.68744,272.58746,272.48746,272.38745,272.28745,272.08746,271.48746,271.98746,271.98746,271.88745,271.78745,271.68744,271.68744,271.78745
275.38745,276.48746,277.98746,277.58746,276.18744,275.38745,276.28745,277.08746,276.58746,276.38745,275.58746,274.48746,273.28745,272.28745,273.28745,273.18744,273.08746,272.88745,272.68744,272.58746,272.48746,272.28745,271.98746,271.78745,271.48746,271.18744,271.18744,271.18744,271.18744,271.18744,271.28745,271.28745,271.48746,271.48746,271.58746,271.68744,271.68744,271.68744,271.68744,271.78745,271.78745,271.98746,272.18744,272.28745,272.38745,272.38745,272.28745,272.08746,271.88745,271.88745,271.78745,271.48746,271.68744,271.58746,271.58746,271.48746,271.38745,271.38745,271.48746,271.58746
276.28745,276.38745,275.58746,273.28745,273.08746,273.08746,273.08746,273.08746,273.08746,273.18744,272.08746,272.68744,271.78745,273.28745,273.08746,272.88745,272.78745,272.48746,272.38745,272.08746,271.78745,271.58746,271.18744,271.18744,271.18744,271.18744,271.18744,271.18744,271.18744,271.18744,271.18744,271.28745,271.28745,271.38745,271.48746,271.48746,271.58746,271.58746,271.58746,271.58746,271.68744,271.68744,271.68744,271.58746,271.58746,271.58746,271.48746,271.48746,271.38745,271.38745,271.28745,271.28745,271.18744,271.28745,271.28745,271.28745,271.28745,271.28745,271.28745,271.28745
273.28745,273.38745,273.38745,273.38745,273.18744,273.28745,273.28745,273.18744,273.08746,272.88745,272.08746,272.78745,272.68744,272.58746,272.48746,272.28745,272.08746,271.78745,271.48746,271.18744,271.18744,271.18744,271.18744,271.18744,271.18744,271.18744,271.18744,271.18744,271.18744,271.18744,271.18744,271.18744,271.18744,271.28745,271.28745,271.38745,271.38745,271.38745,271.48746,271.48746,271.48746,271.48746,271.48746,271.48746,271.48746,271.48746,271.38745,271.38745,271.28745,271.28745,271.18744,271.18744,271.18744,271.18744,271.18744,271.18744,271.18744,271.28745,271.28745,271.28745
273.48746,273.38745,273.28745,273.18744,273.18744,273.08746,272.88745,272.38745,271.88745,270.18744,270.48746,268.48746,268.48746,271.58746,271.28745,271.18744,271.18744,270.88745,271.18744,271.18744,271.18744,270.98746,271.18744,271.18744,271.18744,271.18744,271.18744,271.18744,271.18744,271.18744,271.18744,271.18744,271.18744,271.18744,271.18744,271.18744,271.18744,271.18744,271.28745,271.28745,271.28745,271.28745,271.28745,271.28745,271.28745,271.28745,271.28745,271.18744,271.18744,271.18744,271.18744,271.18744,271.18744,271.18744,271.18744,271.18744,271.18744,271.18744,271.18744,271.08746
273.08746,272.98746,272.78745,272.58746,272.28745,272.18744,271.98746,271.88745,269.88745,264.78745,262.08746,258.98746,258.18744,264.98746,266.38745,271.18744,265.78745,267.08746,270.58746,268.68744,264.28745,264.38745,270.08746,270.08746,268.18744,267.08746,266.48746,267.68744,267.98746,269.38745,270.58746,271.08746,271.18744,271.18744,271.18744,271.18744,271.18744,271.18744,271.18744,271.18744,271.18744,271.18744,271.18744,271.18744,271.18744,271.18744,271.18744,271.18744,271.18744,271.18744,270.88745,271.18744,271.18744,271.18744,271.18744,271.18744,271.18744,271.18744,271.18744,271.18744
272.28745,271.98746,271.78745,271.68744,271.68744,268.18744,262.08746,258.88745,256.68744,256.48746,256.58746,255.48746,254.28745,254.18745,256.88745,255.28745,254.08745,254.18745,254.48746,255.18745,254.78745,254.78745,256.08746,259.48746,261.88745,262.58746,261.58746,262.98746,264.08746,265.18744,265.98746,267.78745,269.28745,269.68744,269.98746,270.38745,269.48746,269.88745,271.18744,271.18744,271.18744,271.18744,271.18744,271.18744,271.18744,271.18744,271.18744,271.18744,270.78745,271.08746,269.98746,270.98746,271.18744,271.18744,271.18744,270.58746,271.18744,271.18744,271.18744,271.18744
271.48746,270.78745,266.48746,267.28745,263.18744,260.68744,258.38745,256.68744,257.08746,255.28745,253.98746,253.28745,252.48746,252.08745,252.98746,252.78745,250.88745,250.48746,250.78745,250.68745,249.28745,248.88745,249.38745,249.18745,251.58745,254.48746,257.38745,259.18744,258.28745,259.88745,263.18744,263.48746,263.58746,264.18744,264.78745,264.18744,262.98746,262.78745,263.48746,264.78745,269.18744,270.48746,271.18744,271.18744,271.08746,271.18744,271.18744,271.18744,271.18744,271.18744,271.18744,271.18744,270.58746,271.18744,271.08746,271.18744,270.88745,271.18744,271.18744,271.18744
268.88745,267.08746,268.58746,268.28745,266.28745,264.48746,262.88745,260.68744,256.58746,256.08746,255.38745,254.28745,252.98746,252.08745,251.08745,250.68745,249.88745,249.18745,248.78745,247.48746,246.48746,245.78745,245.48746,245.88745,247.58745,247.68745,248.38745,250.38745,254.18745,258.18744,260.68744,261.48746,263.58746,264.48746,262.18744,258.88745,259.98746,262.38745,263.88745,264.28745,269.58746,271.18744,271.18744,271.18744,271.18744,271.18744,271.18744,271.18744,270.28745,271.08746,271.18744,271.18744,271.18744,270.88745,271.08746,270.98746,271.18744,271.18744,270.58746,271.18744
261.58746,259.68744,262.48746,262.28745,260.68744,260.68744,259.08746,256.98746,255.78745,255.18745,254.68745,254.18745,253.88745,253.48746,252.68745,250.48746,249.38745,248.38745,247.38745,246.18745,245.38745,244.78745,244.08745,245.58745,246.08745,245.08745,247.98746,248.88745,248.98746,251.58745,256.38745,259.68744,261.28745,261.98746,264.38745,265.58746,265.18744,264.28745,264.38745,265.08746,269.08746,271.18744,271.18744,271.18744,271.18744,271.18744,271.18744,271.08746,271.18744,271.18744,270.38745,269.28745,269.58746,268.88745,268.08746,267.88745,268.28745,267.88745,267.38745,266.48746
262.38745,261.48746,260.78745,260.38745,259.68744,258.68744,257.58746,256.28745,255.58745,255.38745,254.98746,254.28745,253.58745,253.78745,252.88745,250.68745,249.58745,248.28745,246.68745,245.48746,244.48746,244.18745,243.48746,243.18745,244.48746,244.28745,246.08745,246.88745,247.28745,248.38745,251.18745,255.38745,259.08746,261.78745,261.68744,261.58746,262.18744,261.98746,262.18744,263.38745,265.28745,268.38745,271.18744,270.88745,271.18744,271.18744,270.48746,269.58746,267.88745,268.68744,266.28745,265.88745,265.18744,265.28745,264.98746,263.88745,263.78745,264.38745,264.18744,263.88745
