public/data/weather/temp-json-20190612.json
{"header": { "discipline":0, "disciplineName":"Meteorological products", "gribEdition":2, "gribLength":47789, "center":7, "centerName":"US National Weather Service - NCEP(WMC)", "subcenter":0, "refTime":"2019-06-12T00:00:00.000Z", "significanceOfRT":1, "significanceOfRTName":"Start of forecast", "productStatus":0, "productStatusName":"Operational products", "productType":1, "productTypeName":"Forecast products", "productDefinitionTemplate":0, "productDefinitionTemplateName":"Analysis/forecast at horizontal level/layer at a point in time", "parameterCategory":0, "parameterCategoryName":"Temperature", "parameterNumber":0, "parameterNumberName":"Temperature", "parameterUnit":"K", "genProcessType":2, "genProcessTypeName":"Forecast", "forecastTime":0, "surface1Type":1, "surface1TypeName":"Ground or water surface", "surface1Value":0.0, "surface2Type":255, "surface2TypeName":"Missing", "surface2Value":0.0, "gridDefinitionTemplate":0, "gridDefinitionTemplateName":"Latitude_Longitude", "numberPoints":65160, "shape":6, "shapeName":"Earth spherical with radius of 6,371,229.0 m", "gridUnits":"degrees", "resolution":48, "winds":"true", "scanMode":0, "nx":360, "ny":181, "basicAngle":0, "lo1":0.0, "la1":90.0, "lo2":359.0, "la2":-90.0, "dx":1.0, "dy":1.0 }, "data":
[rows 26 to 51 of 181, columns 180 to 239 of 360]
271.48746,271.58746,277.98746,277.68744,278.18744,278.68744,279.58746,279.68744,280.78745,279.88745,278.68744,278.58746,278.28745,277.68744,277.68744,278.78745,279.08746,278.98746,280.18744,283.68744,293.78745,290.68744,292.28745,291.48746,295.38745,293.48746,296.08746,294.58746,296.68744,297.88745,296.58746,294.18744,290.08746,295.88745,295.28745,296.18744,292.98746,294.58746,295.28745,292.38745,291.78745,295.98746,295.28745,291.08746,292.58746,289.08746,293.68744,292.88745,292.38745,291.78745,291.28745,293.28745,297.38745,295.18744,296.58746,301.28745,299.58746,298.98746,297.88745,300.58746
276.48746,279.68744,280.18744,280.58746,280.08746,279.08746,278.98746,278.88745,279.08746,279.18744,279.38745,278.88745,278.68744,278.68744,278.58746,278.28745,299.88745,296.38745,295.28745,293.48746,295.78745,297.18744,302.88745,294.38745,294.98746,296.28745,295.08746,295.28745,295.08746,273.18744,297.78745,292.18744,293.78745,297.48746,294.98746,298.88745,290.78745,294.48746,298.28745,293.98746,293.38745,292.88745,292.38745,291.08746,288.98746,290.58746,291.18744,291.78745,288.68744,286.78745,288.38745,285.78745,287.78745,289.68744,293.78745,296.98746,297.98746,299.08746,296.68744,297.48746
277.88745,278.08746,279.38745,279.88745,279.88745,279.28745,279.38745,279.78745,278.98746,278.78745,279.68744,278.68744,278.68744,279.68744,278.68744,300.58746,301.58746,300.38745,298.08746,297.18744,301.68744,298.18744,294.08746,296.78745,297.18744,294.58746,294.48746,298.68744,303.18744,298.88745,297.18744,286.48746,293.38745,299.38745,293.28745,290.98746,273.18744,277.88745,288.78745,289.58746,289.28745,290.08746,292.78745,290.48746,293.18744,291.98746,288.48746,290.28745,291.68744,290.18744,284.68744,281.28745,281.78745,292.48746,291.38745,293.18744,295.28745,299.88745,298.38745,298.98746
280.38745,280.58746,280.38745,278.68744,279.08746,279.28745,279.48746,279.68744,279.88745,279.98746,280.18744,280.38745,280.58746,280.28745,279.98746,302.88745,305.18744,304.48746,304.88745,304.38745,296.98746,302.18744,298.08746,296.28745,300.18744,299.08746,300.78745,280.18744,303.48746,282.48746,280.08746,295.48746,292.38745,285.78745,284.58746,284.08746,283.58746,283.88745,293.18744,284.38745,273.38745,287.48746,295.78745,289.38745,289.98746,291.48746,287.18744,289.28745,286.58746,287.88745,286.38745,288.88745,287.38745,288.38745,291.58746,291.68744,293.68744,298.68744,297.38745,296.18744
281.18744,281.28745,280.88745,280.78745,281.28745,278.28745,278.18744,278.58746,278.88745,279.38745,279.48746,279.68744,279.78745,292.08746,299.48746,279.58746,304.38745,304.98746,298.28745,295.68744,296.58746,297.08746,302.78745,298.58746,299.68744,300.38745,293.88745,284.48746,280.28745,298.98746,273.18744,293.58746,286.68744,284.48746,285.88745,284.78745,283.78745,284.38745,281.18744,274.08746,277.08746,273.28745,284.08746,286.48746,281.48746,289.38745,288.18744,288.38745,288.78745,290.38745,290.78745,293.38745,295.18744,292.68744,291.58746,293.88745,297.48746,295.98746,296.28745,293.38745
278.88745,279.48746,280.08746,280.88745,281.28745,281.68744,278.48746,280.08746,278.78745,279.78745,279.78745,279.48746,279.48746,279.38745,279.78745,279.78745,279.78745,279.88745,280.38745,298.68744,297.48746,301.48746,299.08746,299.28745,300.48746,296.88745,300.28745,282.48746,284.98746,284.48746,283.68744,284.08746,284.48746,283.88745,283.58746,284.78745,284.68744,284.98746,284.68744,284.88745,285.08746,284.98746,283.78745,279.68744,280.78745,281.28745,276.68744,282.38745,283.48746,281.98746,284.78745,288.68744,291.38745,291.68744,284.98746,290.98746,294.28745,295.88745,296.78745,295.28745
278.98746,279.18744,279.18744,279.58746,280.08746,280.68744,281.08746,281.18744,279.48746,280.68744,280.98746,281.58746,282.98746,283.68744,283.88745,281.28745,281.48746,281.48746,285.08746,283.78745,285.18744,280.48746,280.08746,301.08746,293.78745,292.88745,283.98746,292.08746,281.98746,282.48746,282.98746,282.88745,283.38745,283.58746,283.48746,283.68744,283.88745,283.88745,283.88745,283.98746,284.28745,284.78745,285.28745,285.18744,282.18744,284.68744,283.48746,276.38745,279.48746,289.08746,286.58746,286.08746,285.28745,284.48746,285.58746,280.68744,290.88745,294.98746,295.88745,298.18744
278.48746,278.58746,278.78745,279.18744,279.48746,280.18744,280.98746,281.08746,281.88745,282.08746,279.58746,280.78745,281.28745,282.38745,282.58746,282.78745,282.68744,282.58746,283.28745,284.38745,282.08746,279.78745,301.58746,302.88745,283.68744,283.48746,283.48746,281.58746,282.48746,282.88745,282.78745,283.08746,282.98746,282.68744,283.08746,282.78745,282.98746,283.18744,283.28745,283.38745,283.58746,283.98746,284.38745,285.08746,283.08746,280.58746,283.38745,282.58746,277.58746,273.28745,280.98746,280.68744,283.18744,285.08746,286.48746,291.48746,288.98746,290.38745,294.98746,296.28745
278.38745,278.48746,278.58746,278.68744,279.08746,279.48746,279.98746,280.98746,282.18744,282.38745,282.78745,283.48746,284.28745,284.68744,283.38745,284.08746,284.18744,284.18744,282.68744,282.48746,298.38745,299.68744,284.48746,281.88745,281.48746,281.98746,281.98746,282.18744,282.38745,282.48746,282.48746,282.38745,282.78745,282.38745,282.48746,282.48746,282.78745,282.78745,282.98746,283.08746,283.18744,283.38745,283.58746,284.08746,284.58746,283.38745,282.38745,283.28745,283.18744,282.48746,280.98746,284.78745,284.18744,281.88745,284.08746,285.78745,293.18744,291.08746,293.78745,295.28745
278.58746,278.78745,278.88745,279.08746,279.28745,279.38745,279.88745,280.18744,280.58746,281.08746,281.98746,282.78745,283.58746,283.88745,283.68744,282.58746,284.88745,284.78745,282.88745,282.78745,282.58746,282.08746,282.78745,282.38745,281.88745,281.38745,281.38745,281.38745,281.48746,281.68744,283.18744,282.28745,281.78745,281.68744,281.88745,282.18744,282.38745,282.68744,282.78745,282.78745,282.98746,282.98746,283.08746,283.48746,284.08746,284.38745,283.48746,283.48746,283.88745,283.68744,282.28745,283.78745,286.88745,290.98746,293.48746,293.48746,290.58746,292.08746,288.28745,292.58746
278.88745,279.18744,279.58746,279.68744,280.08746,280.28745,280.38745,280.78745,280.88745,281.18744,281.38745,281.88745,281.98746,282.78745,286.78745,282.58746,283.68744,282.98746,282.08746,282.58746,281.98746,282.08746,281.48746,281.38745,281.08746,280.78745,280.68744,280.78745,281.18744,282.68744,282.48746,281.38745,280.98746,281.18744,281.38745,281.88745,282.28745,282.48746,282.58746,282.68744,282.68744,282.88745,283.08746,283.38745,283.78745,284.28745,284.38745,283.28745,284.78745,284.88745,288.08746,289.68744,288.78745,291.88745,293.98746,295.88745,296.58746,296.48746,295.88745,290.28745
279.18744,279.68744,279.88745,280.28745,280.48746,280.78745,280.78745,280.98746,280.98746,280.48746,279.38745,279.98746,281.68744,282.28745,283.28745,283.18744,283.38745,283.28745,282.18744,281.88745,281.48746,281.38745,280.78745,280.88745,280.58746,280.58746,280.58746,280.78745,281.58746,281.78745,280.98746,280.78745,280.98746,280.98746,281.28745,281.58746,281.78745,281.98746,282.18744,282.58746,282.78745,282.88745,283.08746,283.28745,283.58746,283.88745,284.68744,284.18744,288.78745,286.48746,285.58746,293.88745,295.08746,293.88745,296.08746,296.58746,297.28745,295.28745,295.18744,291.08746
278.78745,278.88745,278.18744,278.98746,278.78745,279.28745,279.68744,279.48746,280.48746,280.88745,281.28745,281.38745,281.58746,281.88745,282.18744,282.78745,282.68744,282.38745,281.68744,281.48746,281.18744,280.78745,280.78745,280.68744,280.58746,280.38745,280.58746,280.78745,281.18744,280.98746,280.68744,280.98746,281.08746,281.18744,281.38745,281.58746,281.98746,282.08746,282.28745,282.68744,283.08746,283.18744,283.38745,283.48746,283.48746,283.88745,284.58746,285.28745,285.18744,283.38745,287.08746,286.78745,293.48746,294.78745,282.28745,299.48746,301.78745,299.18744,302.08746,295.68744
279.48746,279.28745,279.98746,280.18744,280.38745,280.78745,280.78745,280.88745,280.88745,280.78745,280.88745,280.88745,280.68744,280.98746,281.38745,282.18744,282.48746,281.98746,281.68744,281.38745,281.38745,280.98746,280.68744,280.48746,280.48746,280.38745,280.28745,280.68744,280.88745,280.78745,280.78745,280.98746,281.18744,281.48746,281.78745,281.98746,282.08746,282.28745,282.68744,282.78745,283.28745,283.38745,283.48746,283.58746,283.98746,284.18744,284.58746,284.98746,285.18744,286.08746,286.88745,286.38745,285.78745,296.88745,298.28745,295.98746,295.68744,294.88745,295.58746,299.48746
279.58746,279.78745,279.88745,279.88745,279.98746,279.98746,280.08746,280.18744,279.98746,279.98746,280.08746,280.18744,280.38745,280.48746,280.88745,281.38745,282.28745,281.98746,281.48746,281.28745,281.18744,280.88745,280.78745,280.38745,280.38745,280.28745,280.48746,280.48746,280.58746,280.68744,280.88745,281.08746,281.38745,281.78745,281.78745,282.18744,282.28745,282.58746,282.78745,283.08746,283.38745,283.38745,283.58746,283.98746,284.38745,284.68744,284.78745,284.98746,285.58746,286.98746,286.98746,286.48746,285.18744,299.58746,298.08746,294.08746,299.78745,299.38745,298.48746,298.78745
278.98746,279.08746,279.28745,279.48746,279.38745,279.38745,279.38745,279.38745,279.28745,279.38745,279.68744,279.88745,280.08746,280.18744,280.68744,281.08746,281.88745,284.28745,281.88745,281.48746,280.98746,280.88745,280.48746,280.38745,280.28745,280.48746,280.58746,280.88745,280.88745,281.08746,281.18744,281.38745,281.88745,281.78745,281.98746,282.28745,282.28745,282.48746,283.18744,283.78745,283.28745,283.48746,283.88745,284.28745,284.68744,285.08746,285.28745,285.88745,287.08746,286.88745,286.58746,286.28745,286.28745,286.28745,286.08746,301.78745,298.38745,287.68744,300.28745,298.28745
278.68744,278.78745,279.38745,279.38745,279.58746,279.38745,279.18744,279.38745,279.28745,279.18744,279.48746,279.88745,280.18744,280.58746,280.58746,280.78745,281.58746,284.48746,282.18744,281.48746,280.98746,280.78745,280.78745,280.68744,280.78745,280.78745,280.98746,280.88745,281.08746,281.28745,281.78745,282.28745,282.48746,282.68744,282.78745,282.88745,282.88745,283.38745,284.18744,283.78745,283.78745,283.88745,284.18744,284.48746,284.88745,285.28745,286.08746,287.58746,286.88745,287.08746,286.28745,286.18744,286.08746,286.18744,286.98746,285.98746,299.48746,297.18744,300.18744,298.38745
278.88745,279.18744,279.48746,279.88745,279.48746,279.38745,279.48746,279.48746,279.38745,279.38745,279.48746,279.78745,279.98746,280.18744,280.48746,280.68744,280.88745,283.28745,282.18744,281.58746,281.18744,280.78745,280.88745,281.08746,281.18744,281.28745,281.28745,281.48746,281.78745,282.18744,282.58746,282.68744,282.78745,282.88745,283.58746,283.88745,284.18744,284.68744,284.48746,284.38745,284.38745,284.48746,284.88745,284.88745,285.28745,286.08746,287.68744,288.48746,287.68744,286.48746,286.18744,286.08746,286.08746,286.38745,287.08746,287.58746,298.28745,302.88745,299.98746,297.38745
279.28745,279.38745,279.78745,279.88745,279.58746,279.38745,279.88745,279.88745,279.78745,279.88745,280.08746,280.48746,280.68744,280.78745,280.68744,280.68744,280.98746,281.58746,285.38745,281.98746,281.28745,280.98746,280.98746,281.18744,281.38745,281.68744,281.78745,282.08746,282.78745,283.08746,282.98746,283.08746,283.28745,283.68744,284.08746,284.48746,284.98746,286.18744,284.48746,284.48746,284.78745,285.28745,285.48746,285.78745,286.38745,288.18744,289.28745,288.28745,287.18744,286.48746,286.18744,286.18744,286.08746,286.28745,286.78745,287.18744,293.88745,305.08746,300.58746,300.88745
280.58746,280.28745,279.78745,279.68744,279.98746,279.58746,279.88745,280.68744,280.78745,279.88745,280.08746,280.78745,280.88745,280.58746,280.28745,280.48746,281.18744,281.58746,281.68744,281.78745,281.38745,281.68744,282.08746,281.88745,281.78745,282.08746,282.48746,282.98746,283.48746,283.58746,283.48746,283.98746,284.28745,284.58746,285.28745,285.58746,285.88745,284.98746,284.88745,285.18744,285.68744,286.08746,286.28745,286.98746,287.98746,289.18744,287.98746,287.58746,287.18744,286.78745,286.68744,286.58746,286.58746,287.18744,287.78745,287.68744,294.78745,303.38745,301.38745,307.78745
280.68744,280.58746,280.18744,280.38745,280.48746,280.38745,280.68744,281.38745,281.28745,280.68744,281.08746,281.68744,281.28745,281.18744,280.88745,281.18744,281.98746,282.28745,282.48746,282.58746,281.78745,281.88745,282.68744,283.08746,283.28745,283.18744,283.38745,284.08746,284.08746,284.18744,284.18744,284.48746,284.78745,285.28745,285.88745,286.48746,286.18744,285.38745,285.58746,285.98746,286.38745,286.68744,287.38745,288.68744,288.68744,288.28745,287.78745,287.58746,287.28745,286.98746,286.98746,286.98746,287.08746,287.48746,288.28745,287.48746,304.38745,304.08746,302.68744,309.08746
281.48746,281.48746,281.08746,281.68744,281.98746,281.58746,281.78745,281.88745,281.78745,281.98746,281.88745,281.68744,281.78745,281.88745,281.58746,282.48746,282.58746,282.58746,282.78745,282.98746,282.98746,282.98746,283.48746,283.88745,284.18744,284.28745,284.48746,284.68744,284.78745,284.98746,285.18744,285.48746,285.68744,285.98746,286.98746,287.58746,286.38745,286.08746,286.28745,286.88745,287.08746,287.38745,288.18744,288.88745,288.68744,288.28745,287.88745,287.78745,287.68744,287.38745,287.28745,287.18744,287.18744,286.98746,287.28745,286.48746,306.18744,306.78745,302.38745,305.28745
282.68744,281.48746,281.68744,282.78745,283.28745,282.78745,283.08746,282.78745,282.18744,282.78745,283.08746,282.78745,282.98746,282.58746,282.68744,283.48746,283.08746,283.08746,283.28745,283.78745,284.08746,283.58746,284.18744,284.88745,284.68744,285.28745,285.08746,285.28745,285.88745,285.88745,285.88745,286.58746,286.38745,288.18744,288.48746,287.78745,286.88745,286.88745,287.48746,287.78745,288.08746,288.68744,289.18744,288.98746,288.58746,288.38745,288.28745,288.08746,287.98746,287.58746,287.28745,287.58746,287.18744,286.58746,286.48746,287.98746,302.78745,304.38745,306.28745,306.58746
283.68744,283.68744,283.78745,283.18744,283.38745,283.98746,283.98746,283.88745,283.38745,283.38745,283.38745,283.18744,283.78745,283.58746,283.78745,284.18744,283.68744,284.18744,283.98746,284.48746,284.88745,284.98746,285.18744,285.68744,286.18744,286.28745,286.18744,286.58746,286.58746,287.08746,287.38745,287.68744,289.18744,290.08746,289.18744,287.68744,287.58746,287.88745,288.28745,288.68744,289.38745,289.88745,289.78745,289.48746,288.88745,288.58746,288.38745,288.38745,288.08746,287.78745,287.58746,287.58746,287.88745,287.88745,288.98746,290.48746,302.38745,301.28745,305.98746,304.38745
284.88745,285.28745,285.08746,284.58746,284.38745,284.48746,284.68744,284.78745,285.38745,285.48746,284.68744,284.68744,284.88745,284.48746,284.48746,285.08746,285.18744,285.58746,285.68744,285.98746,286.18744,286.28745,286.68744,286.68744,286.68744,286.98746,287.48746,287.58746,287.98746,288.98746,289.58746,289.88745,292.48746,290.08746,288.88745,288.48746,288.58746,289.08746,289.48746,290.48746,290.88745,290.88745,290.38745,289.98746,289.48746,288.88745,288.88745,288.68744,288.38745,288.08746,287.98746,287.78745,288.28745,290.68744,291.68744,290.68744,293.48746,300.98746,310.48746,303.98746
285.28745,285.68744,285.88745,285.98746,286.48746,286.38745,285.68744,285.28745,286.08746,286.68744,285.78745,285.28745,285.38745,285.08746,285.48746,285.88745,286.28745,286.28745,286.68744,286.78745,287.08746,287.48746,287.88745,287.78745,287.98746,288.68744,289.38745,288.88745,289.88745,291.48746,292.08746,290.58746,290.28745,289.68744,288.88745,289.18744,289.98746,290.28745,290.98746,292.08746,291.68744,291.18744,290.58746,290.38745,289.88745,289.58746,289.18744,288.88745,288.58746,288.18744,288.08746,288.38745,289.18744,289.28745,289.28745,289.18744,287.88745,307.88745,314.98746,307.98746
