public/data/weather/wind-json-20190612.json
{"header": { "discipline":0, "disciplineName":"Meteorological products", "gribEdition":2, "gribLength":74880, "center":7, "centerName":"US National Weather Service - NCEP(WMC)", "subcenter":0, "refTime":"2019-06-12T00:00:00.000Z", "significanceOfRT":1, "significanceOfRTName":"Start of forecast", "productStatus":0, "productStatusName":"Operational products", "productType":1, "productTypeName":"Forecast products", "productDefinitionTemplate":0, "productDefinitionTemplateName":"Analysis/forecast at horizontal level/layer at a point in time", "parameterCategory":2, "parameterCategoryName":"Momentum", "parameterNumber":2, "parameterNumberName":"U-component_of_wind", "parameterUnit":"m.s-1", "genProcessType":2, "genProcessTypeName":"Forecast", "forecastTime":0, "surface1Type":103, "surface1TypeName":"Specified height level above ground", "surface1Value":10.0, "surface2Type":255, "surface2TypeName":"Missing", "surface2Value":0.0, "gridDefinitionTemplate":0, "gridDefinitionTemplateName":"Latitude_Longitude", "numberPoints":65160, "shape":6, "shapeName":"Earth spherical with radius of 6,371,229.0 m", "gridUnits":"degrees", "resolution":48, "winds":"true", "scanMode":0, "nx":360, "ny":181, "basicAngle":0, "lo1":0.0, "la1":90.0, "lo2":359.0, "la2":-90.0, "dx":1.0, "dy":1.0 }, "data":
[rows 50 to 74 of 181, columns 57 to 113 of 360]
-4.9962697,-4.1562696,-3.1162696,-2.3862696,-2.3262696,-2.4862695,-2.6162696,-2.2862694,-2.4362695,-1.4862695,-2.6462696,-0.6862695,0.31373048,-0.15626954,0.39373046,0.64373046,1.4537305,2.4737306,4.2237306,2.0337305,-0.20626953,0.0037304687,1.2437304,5.1637306,5.1137304,5.3337307,5.4337306,0.15373047,-7.0862694,-8.59627,-6.2362695,-5.2262697,-4.7062697,-8.286269,-5.3762693,-10.14627,-10.496269,-11.73627,-10.26627,-9.046269,-6.2462697,-4.6162696,-3.4462695,-1.2162695,-0.30626953,-1.0762695,-0.52626956,-0.40626952,-2.1962695,-0.8862695,-0.13626952,5.0837307,3.4837306,1.4437305,4.3337307,2.8137305,1.5537305
-5.2662697,-4.9662695,-4.4362698,-3.7162695,-3.3662696,-2.9462695,-2.5062695,-2.0662696,-2.6562696,-1.7962695,-2.7662694,-0.60626954,-0.27626953,-0.06626953,-1.6962695,-0.42626953,0.41373047,1.8837304,1.8537304,6.9137306,5.1537304,-1.2662696,1.6437305,4.5337305,4.7437305,5.3637304,7.2137303,6.7137303,3.0237305,-0.79626954,2.3737304,-3.5162694,-0.32626954,0.77373046,-2.4762695,-0.59626955,-2.3462696,0.43373048,-2.8262696,-2.0862696,-0.22626953,-0.84626955,0.06373047,-0.71626955,-0.47626954,1.1437305,1.2537304,-1.4762695,-4.2862697,-1.3462695,-1.0162696,3.3237305,-0.40626952,-2.4962695,1.3037305,3.1237304,0.49373046
-3.4462695,-1.6662695,-2.9262695,-3.7862694,-3.4062696,-3.0062695,-2.2862694,-1.7862695,-1.6162696,-0.54626954,-1.1562696,-2.9962695,-1.6662695,-2.1162696,0.41373047,1.6137304,1.5037304,-0.91626954,-0.49626952,2.0437305,4.5937304,5.9737306,5.5037303,4.5037303,3.1837304,3.5737305,4.8337307,6.8337307,8.47373,7.4937305,-0.96626955,-2.4562695,-3.0962696,0.48373047,-5.1262693,-3.5962696,-5.3562694,-4.4962697,-3.3862696,-1.5662695,-0.44626954,1.6137304,0.8637305,0.76373047,1.6237304,2.6237304,1.1237304,3.6637304,3.1937304,0.5537305,3.7437305,4.6437306,5.3837304,1.4137305,-0.07626953,1.9837304,2.9737306
-3.1262696,-1.5062696,-2.3062696,-0.8062695,-2.7062695,-3.3862696,-3.0162694,-1.0862695,-1.0962695,0.64373046,2.1437304,-0.20626953,-1.0762695,-2.6762695,1.1537305,2.4737306,3.4937305,0.66373044,-2.0362694,-0.53626955,-0.98626953,1.2737305,3.0337305,3.8137305,4.2537303,-2.0862696,-0.26626953,0.17373046,-0.17626953,-2.9262695,-1.0262696,-4.6762695,-1.6862695,-5.5762696,-4.7462697,-1.7462696,-6.0362697,-9.05627,-9.546269,-7.2462697,-3.3462696,-3.3462696,-1.7062695,-0.43626952,1.9637305,-0.06626953,1.4637305,-0.96626955,0.89373046,-0.39626953,-1.9262695,2.2437305,1.9737304,2.1037304,2.4137304,2.4337304,-0.30626953
-5.3362694,-2.5662696,-4.0062695,0.38373047,0.28373048,-2.1362696,-2.7162695,-2.6862695,-1.3862696,-0.7562695,-2.3862696,0.9837305,-2.3162696,-1.0362695,0.6737305,0.5437305,1.6837305,1.6237304,3.2637305,0.78373045,-0.41626954,1.4537305,-1.2962695,-0.28626955,-0.7562695,0.89373046,-0.03626953,0.24373047,1.0137305,1.0237305,-3.4162695,-2.1862695,-2.9562695,-1.4162695,-1.1862695,-1.3762696,-2.7362695,0.123730466,-1.0462695,-0.38626954,1.7637305,-2.1962695,0.29373047,-0.17626953,0.35373047,1.2737305,0.47373047,0.44373047,-0.22626953,-0.8162695,-0.49626952,-0.28626955,0.06373047,-1.3662696,-1.3662696,-0.5762695,0.35373047
-5.2262697,-4.0662694,-2.2062695,-2.1062696,-0.6962695,-1.9162695,0.41373047,-0.90626955,-0.84626955,-2.0462694,-1.3462695,-0.43626952,2.0337305,0.36373046,1.1937305,-0.58626956,-1.9862695,-1.0062696,0.72373044,-1.2962695,0.58373046,0.71373045,1.3637304,3.8237305,2.0037305,4.9637303,3.9737306,-0.24626952,4.0437303,5.5637302,1.0437305,-2.1362696,-1.4262695,-0.5662695,-2.5162694,-2.8562696,-2.8562696,-3.8962696,-1.8862696,-2.0562696,-1.3262695,-0.8662695,0.37373048,1.6837305,1.7637305,2.6537304,1.4137305,1.6237304,1.3437304,-0.02626953,-1.0062696,-1.3162695,-2.1162696,-2.6762695,-2.2262695,-1.2362695,0.32373047
-1.8062695,-0.28626955,-1.4962696,-0.6162695,-4.7662697,-0.5762695,-3.1362696,-1.6162696,-0.6862695,-0.49626952,-1.3462695,0.8837305,-1.2062695,0.84373045,4.2237306,3.6837304,-3.1462696,-1.4862695,-2.2362695,1.1837305,-1.8862696,0.6737305,1.4037305,2.7637305,3.2537305,3.7837305,3.3737304,4.4737306,3.8437304,3.5937304,0.71373045,-2.2162695,-2.1062696,-1.9962696,0.07373047,-1.9662695,-3.4162695,-2.4462695,-2.8962696,-1.6562696,-1.5962695,-0.42626953,-1.2762696,1.6537305,1.9237305,2.2337306,1.8137305,1.5237305,0.40373048,0.13373047,-0.10626953,-0.5762695,-0.36626953,-1.4562695,-0.49626952,-0.25626954,0.27373046
-2.1762695,-4.0362697,-2.5762696,0.29373047,3.7237306,1.1537305,-1.4262695,-3.0262694,-1.3562695,-1.7062695,0.58373046,-2.2762694,0.9337305,2.1137304,-1.8762696,-2.9562695,2.4737306,-0.17626953,-2.6862695,-3.9262695,0.26373047,-1.0662695,-0.24626952,3.9837306,2.8337305,3.3737304,4.8137302,3.9137304,5.5837307,4.8637304,1.6837305,-4.1062694,-3.7762694,-3.9262695,-3.2462695,-0.37626952,-0.97626954,-2.5062695,-1.8762696,-1.3362695,-1.3562695,-0.7562695,-1.1462696,1.2237304,1.8437304,1.6037304,2.0637305,1.6437305,0.40373048,-0.8062695,-0.8262695,-0.41626954,-0.58626956,-0.7462695,-0.02626953,1.8737304,1.6637305
-0.6862695,1.2937305,-3.8662696,0.32373047,5.4837303,3.7637305,-0.08626953,-2.2462695,-2.4262695,0.18373047,-3.1362696,-1.0162696,1.9537305,-1.6362696,-5.1662693,-1.9662695,-1.7562696,-1.3162695,-6.4462695,-8.67627,-2.2062695,1.6037304,2.5037305,3.1437304,1.3137305,2.1737304,2.8937304,3.4337304,2.1237304,3.2037306,-3.7562695,-5.0962696,-6.4562697,-5.4262695,-3.3362696,-2.2162695,-2.4662695,-2.0062695,-1.4262695,-0.9462695,-1.6562696,-1.6062695,-0.78626955,0.7437305,0.11373047,0.14373046,1.5937304,-0.32626954,0.06373047,-0.0062695313,-0.8262695,-0.96626955,-0.79626954,-0.25626954,-0.5062695,1.1937305,2.3537304
0.39373046,1.5537305,-1.6262696,-2.0062695,4.2437305,4.1637306,2.3337305,-2.0662696,-0.59626955,0.8037305,-0.48626953,0.8637305,2.1937304,-2.0562696,0.44373047,-2.1162696,-3.1462696,-0.9362695,-2.9062696,-3.8662696,-2.8262696,-1.3762696,0.34373048,2.1737304,0.40373048,1.4037305,2.5837305,3.3337305,3.6537304,3.9737306,3.0937304,-0.40626952,-1.0962695,-2.3362696,-2.3862696,-0.37626952,-2.1162696,-0.84626955,-0.08626953,-0.6162695,-1.2062695,-1.4962696,-1.1462696,-0.21626954,0.84373045,-0.20626953,0.21373047,1.8637304,0.78373045,-0.8662695,-1.5062696,-2.6462696,-2.0662696,-1.8962696,-0.20626953,0.8137305,1.5237305
0.70373046,3.1637304,-0.23626953,-2.5662696,2.4037304,5.7937303,4.9437304,7.6637306,6.8737307,1.2537304,2.6137304,-0.5762695,1.4437305,0.7337305,1.0437305,5.1637306,2.8237305,1.4737304,-0.20626953,-6.1062694,-4.9162693,-3.2362695,-1.1762695,-0.32626954,0.28373048,-1.3862696,3.9037304,2.7637305,2.7037306,1.7637305,1.3737304,-0.35626954,-0.92626953,-1.0262696,0.18373047,-1.7262695,-1.7462696,-1.4862695,0.39373046,-1.2162695,0.32373047,0.21373047,-0.46626952,-0.84626955,0.78373045,0.18373047,0.9437305,2.3337305,1.2637305,0.5437305,-0.8262695,-1.6562696,-0.03626953,-1.1662695,0.7537305,0.66373044,-0.17626953
0.09373047,-1.2962695,2.9937305,-1.9262695,1.6937305,4.3737307,4.8137302,0.44373047,-1.6062695,0.31373048,3.2637305,0.70373046,-0.48626953,1.4437305,2.7937305,3.3237305,4.0337305,2.6437304,2.4037304,-0.9362695,-6.4662695,-4.4462695,-5.1462693,-1.1662695,0.10373047,-1.1662695,-0.6162695,2.5637305,1.8437304,2.4637306,1.5637305,1.3337305,-1.0862695,0.17373046,-0.8262695,-2.1662695,-1.3562695,-0.11626953,-0.98626953,-2.3162696,0.7937305,1.6037304,0.65373045,1.3437304,-0.18626954,-0.53626955,0.7337305,1.7237304,2.1737304,1.6137304,0.35373047,-1.4562695,-1.3462695,-1.8262695,-1.2962695,-0.78626955,-2.7662694
-1.4962696,1.0237305,-1.4362695,0.13373047,-0.54626954,-0.07626953,8.5337305,8.293731,3.7037306,2.0137305,2.5237305,0.9837305,1.3037305,1.9837304,2.6937304,3.8237305,3.2337306,3.1337304,1.0237305,0.03373047,-2.1062696,-4.3262696,-5.3662696,-6.6062694,-5.1662693,-1.5862695,-0.39626953,0.41373047,-2.0962696,-1.5862695,2.0037305,0.71373045,-0.36626953,-1.2562696,0.023730468,0.23373047,0.37373048,1.0537305,0.36373046,-0.8662695,-1.9262695,-0.45626953,0.6237305,1.6537305,-0.5562695,-0.06626953,-1.6562696,-0.5162695,2.9537306,2.4137304,-0.43626952,-1.3562695,-1.6362696,-0.44626954,-1.6862695,0.51373047,-0.78626955
-0.34626952,-3.0862696,1.0837305,-0.42626953,-0.016269531,1.6737305,2.2937305,4.7537303,4.2537303,1.1937305,2.6337304,0.42373046,-0.6262695,1.7837305,3.2137306,3.0737305,3.3637304,2.8637304,4.0037303,1.4837304,-1.4262695,-3.9662695,-5.7462697,-6.2162695,-6.0062695,-5.8562694,-5.6362696,-4.2362695,-2.8262696,-1.7762696,-1.2362695,-0.5062695,-0.91626954,0.31373048,0.09373047,-0.41626954,-0.44626954,0.24373047,-0.43626952,0.23373047,-0.67626953,-0.7662695,-0.05626953,1.9137305,0.16373047,-0.9562695,-1.8462695,-1.1062695,0.6937305,3.5437305,0.7437305,-1.0262696,-0.21626954,-0.24626952,-2.2962694,-1.3462695,-0.84626955
-1.1462696,-2.5062695,-2.4162695,-1.6062695,-0.96626955,-1.9062696,-2.0362694,1.3037305,0.83373046,1.3337305,1.4637305,1.1637305,1.9937304,0.6237305,1.7837305,1.5137305,2.2537305,3.0037305,3.5037305,-0.36626953,-0.03626953,-1.1162696,-4.6562696,-5.8762693,-6.0362697,-5.8762693,-5.2962694,-5.7062697,-6.5462694,-7.1462693,-5.6862698,-3.7862694,-2.5762696,-1.7662696,-0.44626954,-0.13626952,-0.31626952,-0.83626956,-0.40626952,-0.43626952,-0.72626954,-0.9362695,0.24373047,2.1637304,1.6037304,0.78373045,1.1137304,-1.1662695,-0.14626953,0.5637305,0.96373045,1.3037305,-0.6962695,-0.49626952,-0.67626953,-0.24626952,-0.02626953
-3.3362696,-2.7862694,-2.0262694,-2.0262694,-4.7262697,0.14373046,1.7137305,2.5037305,0.65373045,-3.4862695,1.0337305,3.0837305,1.9937304,1.4537305,2.9737306,1.0537305,-0.20626953,1.7437304,2.5437305,2.9837306,1.8137305,0.8737305,-0.98626953,-3.6062696,-5.2862697,-4.0462694,-4.3562694,-4.2662697,-4.6762695,-4.8462696,-5.0962696,-4.1462693,-3.2362695,-3.0762696,-1.7862695,-0.7462695,-0.25626954,-0.47626954,-0.11626953,-0.39626953,0.17373046,0.7537305,0.65373045,1.0837305,1.7537304,0.85373044,2.0737305,4.8037305,0.043730468,-0.08626953,-0.6262695,-0.73626953,-0.92626953,-1.0462695,-0.5662695,0.06373047,0.11373047
-0.39626953,-0.7462695,1.3237305,2.7337306,0.18373047,0.8137305,3.7237306,4.4437304,6.5637302,6.0737305,3.9537306,3.4737306,3.7437305,2.9037304,4.0137305,2.3237305,-0.9362695,3.2637305,4.5537305,1.5337305,2.8637304,3.4437304,5.7137303,5.2737303,2.4137304,0.17373046,-0.98626953,0.0037304687,-1.9762695,-2.6062696,-3.1562696,-1.8962696,-0.9962695,-0.78626955,-0.34626952,-0.27626953,-0.60626954,0.96373045,-0.5762695,0.26373047,-0.24626952,0.34373048,0.60373044,1.4337305,0.85373044,0.66373044,1.5137305,3.2637305,1.5437305,-1.3862696,-1.1862695,-0.59626955,-0.8862695,-0.89626956,-0.45626953,-0.78626955,0.45373046
-2.0762696,-1.1062695,-0.20626953,1.5937304,2.5437305,2.9337304,4.8037305,7.2037306,8.36373,7.0937304,5.8237305,5.1637306,2.6837304,4.6237307,4.7337303,3.9537306,-0.13626952,1.8237305,2.8437304,3.3537304,4.9737306,3.1937304,3.0837305,1.9137305,1.8237305,4.3137302,1.0137305,0.8637305,-0.06626953,-1.9562695,-2.5862696,-2.5562696,-1.2262695,-0.18626954,0.30373046,-0.20626953,-0.7662695,0.7337305,-0.79626954,-0.7462695,-0.07626953,-0.16626953,-0.5062695,0.85373044,0.11373047,0.19373047,0.66373044,1.2837305,0.17373046,0.19373047,-0.58626956,-2.0862696,-1.9162695,-1.8662696,-1.5662695,-0.8062695,-0.41626954
-4.6362696,-2.3062696,1.3737304,4.7837305,6.4837303,5.9837303,6.4137306,7.9237304,7.8737307,7.5637302,7.0837307,5.1337304,4.5737305,4.7737303,3.3137305,1.5637305,0.14373046,-1.0762695,2.2837305,4.6737304,3.2737305,3.2837305,3.7337306,0.8837305,2.8737304,5.8037305,1.3637304,1.5537305,0.14373046,-1.3362695,-1.9462695,-1.6862695,-1.0662695,-0.5062695,1.1837305,-1.1362696,-0.6862695,0.17373046,-0.31626952,-0.5762695,-0.14626953,-0.9362695,0.06373047,-0.02626953,-0.39626953,0.08373047,0.11373047,2.0637305,0.023730468,-0.47626954,-1.0562695,-0.49626952,-1.1762695,-2.5162694,-2.1262696,-1.3462695,0.33373046
2.8137305,-0.06626953,3.5337305,6.6037307,7.4437304,8.51373,8.293731,8.55373,8.86373,8.213731,7.3837304,5.0437303,8.40373,2.6837304,-0.6362695,-1.9362695,-1.3762696,-2.5362694,1.0337305,3.7337306,4.7437305,5.0037303,4.5537305,0.97373044,5.2637305,2.3837304,1.2237304,0.85373044,-0.46626952,-1.5862695,-0.71626955,0.8737305,0.9437305,0.65373045,0.66373044,-0.28626955,-0.09626953,-0.016269531,-1.1562696,-0.36626953,-0.16626953,-0.59626955,-0.36626953,-0.22626953,0.59373045,0.49373046,0.17373046,0.9237305,1.2937305,-1.3762696,-0.8062695,1.5037304,1.2437304,-1.9262695,-0.44626954,0.9837305,0.11373047
3.0237305,2.8037305,5.6437306,7.2737303,8.57373,9.60373,9.26373,9.36373,9.493731,8.7837305,7.6937304,7.4637303,6.4037304,-3.7562695,-11.89627,-5.7762694,-1.0262696,-1.6862695,0.32373047,2.9537306,4.4237304,5.2537303,4.4837303,-0.05626953,0.5637305,4.5037303,1.0937304,1.7537304,-0.7562695,1.5537305,3.8537304,1.6137304,3.0737305,3.6537304,1.6237304,1.6137304,-1.7862695,-0.5562695,-1.8462695,-0.59626955,-1.0862695,-0.7562695,-0.40626952,0.03373047,-0.05626953,0.41373047,-0.07626953,0.95373046,1.3337305,1.8537304,0.65373045,0.71373045,-0.64626956,-0.7562695,1.7837305,1.3037305,0.10373047
3.3137305,5.6337304,6.6837306,8.26373,9.0337305,9.72373,9.81373,10.123731,10.083731,9.753731,9.413731,11.43373,7.1637306,-6.6362696,-15.01627,-8.52627,-1.2762696,-2.0562696,0.78373045,2.8037305,3.4637306,4.3437304,4.5037303,0.42373046,0.023730468,1.5637305,3.7737305,0.5037305,3.7237306,5.7837305,5.9137306,4.3137302,4.7737303,5.9137306,5.8737307,5.3337307,3.0937304,-1.0962695,-1.1362696,-1.0662695,-0.48626953,-0.6362695,-0.02626953,-0.39626953,-0.06626953,-0.18626954,0.18373047,0.33373046,2.0137305,3.9637306,1.9437305,-0.58626956,-0.9962695,0.45373046,3.6037304,1.1137304,0.5037305
8.083731,6.9037304,7.3937306,8.35373,9.133731,9.753731,10.02373,10.55373,10.743731,11.11373,13.11373,14.5337305,10.753731,5.9037304,-7.1962695,0.123730466,-2.3562696,-0.31626952,0.41373047,1.8337305,3.5537305,3.6337304,4.8537307,2.2037306,-0.53626955,-0.046269532,2.0037305,10.173731,7.6437306,6.7437305,6.0337305,6.3137302,4.7537303,7.5637302,9.15373,8.833731,9.39373,-2.2562695,-1.3362695,-1.0962695,-0.42626953,-0.64626956,-0.22626953,-0.24626952,-0.02626953,-0.03626953,-0.5762695,0.03373047,-0.9562695,1.8537304,2.4037304,1.5837305,-0.24626952,1.4737304,0.8137305,0.06373047,0.77373046
9.133731,7.9837303,8.293731,8.743731,9.39373,9.963731,10.30373,10.73373,11.343731,11.743731,14.843731,16.98373,20.15373,25.30373,15.06373,7.0137305,3.0737305,1.1937305,1.8437304,2.7637305,2.5937304,4.0037303,5.0637302,3.3637304,1.0137305,1.2737305,7.0137305,7.8237305,6.4337306,6.2037306,6.9237304,6.4437304,5.4237304,6.8737307,7.1837306,10.31373,9.7837305,9.90373,2.2237306,0.97373044,5.1737304,-0.66626954,0.6737305,-1.8862696,-0.92626953,0.06373047,1.3137305,2.5037305,1.7137305,0.03373047,2.8237305,3.2137306,0.20373046,0.19373047,0.013730469,0.28373048,0.9237305
9.093731,9.10373,9.083731,9.2837305,9.73373,10.22373,10.703731,10.72373,11.22373,11.81373,14.5337305,16.103731,17.33373,18.46373,15.73373,10.003731,5.7437305,1.6037304,3.4537306,3.5937304,3.3137305,3.7637305,3.3937304,2.8637304,3.0537305,5.5037303,7.0737305,6.6337304,5.4837303,5.9937305,7.3437304,5.4837303,4.6637306,5.7137303,9.35373,10.30373,8.81373,8.993731,2.7037306,5.9737306,5.6137304,-1.4462695,1.1937305,0.17373046,-0.40626952,2.5237305,1.7837305,2.3637304,2.7537305,-0.33626953,0.77373046,0.85373044,2.7037306,-1.3262695,0.20373046,0.6337305,1.5637305
