public/data/weather/wind-json-20190612.json
{"header": { "discipline":0, "disciplineName":"Meteorological products", "gribEdition":2, "gribLength":74880, "center":7, "centerName":"US National Weather Service - NCEP(WMC)", "subcenter":0, "refTime":"2019-06-12T00:00:00.000Z", "significanceOfRT":1, "significanceOfRTName":"Start of forecast", "productStatus":0, "productStatusName":"Operational products", "productType":1, "productTypeName":"Forecast products", "productDefinitionTemplate":0, "productDefinitionTemplateName":"Analysis/forecast at horizontal level/layer at a point in time", "parameterCategory":2, "parameterCategoryName":"Momentum", "parameterNumber":2, "parameterNumberName":"U-component_of_wind", "parameterUnit":"m.s-1", "genProcessType":2, "genProcessTypeName":"Forecast", "forecastTime":0, "surface1Type":103, "surface1TypeName":"Specified height level above ground", "surface1Value":10.0, "surface2Type":255, "surface2TypeName":"Missing", "surface2Value":0.0, "gridDefinitionTemplate":0, "gridDefinitionTemplateName":"Latitude_Longitude", "numberPoints":65160, "shape":6, "shapeName":"Earth spherical with radius of 6,371,229.0 m", "gridUnits":"degrees", "resolution":48, "winds":"true", "scanMode":0, "nx":360, "ny":181, "basicAngle":0, "lo1":0.0, "la1":90.0, "lo2":359.0, "la2":-90.0, "dx":1.0, "dy":1.0 }, "data":
[rows 50 to 74 of 181, columns 0 to 56 of 360]
0.30373046,-2.1462696,-4.0962696,-3.3162696,-1.6862695,-0.52626956,1.0337305,2.1237304,2.4637306,0.65373045,-0.9462695,1.8537304,-1.6962695,-0.40626952,-2.4862695,-3.5862696,-1.0662695,-0.7562695,-1.8162695,-2.2362695,-1.5562695,0.14373046,0.5437305,2.2437305,2.2737305,1.5137305,0.123730466,0.83373046,0.85373044,0.13373047,1.2037305,1.7237304,1.2437304,0.49373046,-0.06626953,1.1237304,0.85373044,0.82373047,1.8937305,1.1137304,-1.9062696,-2.5462694,-1.9862695,-2.1962695,-0.12626953,-0.6262695,0.9437305,0.24373047,-2.0762696,-3.0762696,-4.3262696,-5.0162697,-6.5562696,-6.4362698,-5.9162693,-4.4462695,-5.7462697
0.18373047,-4.5062695,-4.6062694,-7.1462693,-6.7062697,-4.4962697,-2.1762695,0.25373048,2.7437305,2.4737306,5.1437306,3.3037305,0.34373048,3.9537306,-4.5862694,-4.8562694,-5.4362698,1.4437305,-0.5562695,-0.6262695,-1.4562695,-1.0962695,0.5637305,2.0237305,2.3337305,2.1237304,0.08373047,-1.1262696,-0.5162695,0.123730466,1.3237305,1.7337304,2.5037305,3.5537305,1.5537305,1.0937304,1.1837305,2.2137306,1.5337305,-1.8662696,-3.0162694,-0.73626953,0.10373047,-1.0462695,-1.3662696,0.30373046,-0.9462695,0.9837305,0.95373046,-2.5362694,-3.6162696,-6.1462693,-7.6862698,-8.23627,-8.956269,-7.4962697,-4.1662693
-6.2362695,-5.2462697,-3.5262694,-1.5462695,-2.5162694,-2.4162695,-1.0262696,0.71373045,3.4537306,5.7137303,6.3537307,4.3537307,-0.45626953,0.22373047,-0.65626955,1.0037304,0.9237305,2.5737305,1.6237304,-0.43626952,-0.19626953,-0.49626952,-0.58626956,1.4437305,0.20373046,1.6037304,3.0237305,0.43373048,0.7337305,0.59373045,0.35373047,0.8837305,1.2637305,1.4937304,-0.5162695,0.9237305,0.27373046,0.51373047,0.45373046,-0.66626954,-0.42626953,-2.2362695,-1.7862695,0.66373044,-0.6862695,1.5837305,-1.9762695,-0.29626954,1.1537305,-0.9362695,-2.1462696,-2.3862696,-4.8762693,-5.3162694,-3.6462696,-3.0062695,-2.7762694
-8.22627,-5.4062696,-1.5262696,-1.3662696,0.27373046,0.7337305,1.1937305,2.7637305,4.2437305,2.2637305,2.6537304,5.2337303,-3.2362695,-8.30627,-4.1562696,0.89373046,1.0237305,0.95373046,1.9137305,0.36373046,0.17373046,0.6737305,-1.2362695,0.64373046,1.4037305,1.4937304,2.5037305,2.2137306,0.06373047,-0.78626955,0.97373044,-0.09626953,-0.38626954,-0.45626953,-0.046269532,-1.1062695,-2.0262694,1.4037305,2.4937305,2.0337305,1.7837305,1.7737305,1.5637305,0.37373048,-1.5462695,-0.28626955,1.0137305,-1.1462696,-0.89626956,-0.27626953,-0.10626953,-1.5862695,-0.34626952,1.8937305,2.3937304,-0.7462695,-1.0762695
-2.4662695,0.16373047,-0.67626953,0.28373048,0.5537305,-0.26626953,-0.5762695,0.77373046,1.8037305,0.91373044,2.1337304,0.28373048,-1.4462695,-5.4662695,-5.5362697,-2.8762696,-2.5062695,-1.7962695,0.33373046,0.84373045,0.6137305,1.2437304,2.9137304,3.2337306,4.1237307,3.6537304,3.6437304,3.9437304,3.2337306,1.8537304,3.3237305,3.6237304,3.1137304,3.4437304,5.0737305,2.2137306,0.7337305,2.9737306,4.8437304,4.0937304,4.5337305,3.4937305,2.2837305,2.1237304,3.2637305,-0.32626954,-0.21626954,-2.3062696,-0.84626955,-0.64626956,1.8837304,0.7437305,0.41373047,-0.41626954,-0.39626953,-2.5162694,-1.8162695
-0.03626953,-0.6262695,0.44373047,-0.43626952,1.4337305,1.9637305,-1.2062695,-1.1662695,-0.31626952,-1.2462696,-2.5662696,-1.0562695,-5.7562695,-6.0862694,-5.6362696,-4.1562696,-3.0062695,-3.6962695,-1.8862696,-0.26626953,0.33373046,0.9837305,2.9137304,3.5337305,2.8537304,-0.09626953,-0.8062695,3.6837304,4.8137302,4.8737307,4.7637305,4.9937305,3.4637306,1.0637305,-0.98626953,1.5337305,-0.67626953,1.1637305,2.5037305,3.3237305,3.3337305,3.1437304,3.2037306,1.4837304,0.7537305,1.2337304,0.47373047,-1.8062695,-1.6962695,-1.6062695,-0.41626954,-0.6162695,-3.0862696,-1.9762695,-1.0962695,-3.5062695,-3.7162695
-3.4262695,-2.6962695,-0.23626953,0.19373047,-0.22626953,1.0437305,3.8837304,-0.08626953,0.30373046,1.8837304,0.5637305,-5.6062694,-5.5562696,-7.6762695,-6.0862694,-4.5462694,-4.2462697,-3.6662695,-3.8662696,-1.7962695,-0.32626954,0.9337305,3.0237305,3.9537306,4.7037306,4.7137303,4.1937304,1.5937304,3.0137305,4.7837305,5.7037306,5.2537303,4.6037307,5.8237305,4.4137306,2.3337305,0.64373046,-0.016269531,-0.47626954,1.6337304,1.0637305,2.3537304,2.6237304,0.22373047,0.60373044,0.40373048,0.08373047,0.83373046,-2.1362696,-1.3962696,-0.85626954,0.49373046,-1.3362695,-1.7762696,-2.8662696,0.09373047,-1.7062695
-1.7062695,-1.0562695,-3.7862694,-1.8462695,-0.18626954,-1.2562696,-0.46626952,-3.4062696,-1.0562695,1.3837304,0.19373047,-0.39626953,-1.4362695,-4.3962693,-5.7662697,-4.3862696,-5.1162696,-4.6062694,-4.3862696,-3.2462695,-1.2562696,0.9437305,3.1737304,2.3137305,3.5137305,3.9037304,3.4637306,3.0437305,2.9737306,3.8037305,4.0537305,4.0437303,3.8437304,3.7137306,3.6337304,1.5937304,2.9337304,3.8237305,0.64373046,-0.17626953,0.65373045,2.1437304,0.72373044,0.6137305,0.27373046,0.65373045,4.5437303,-0.21626954,-0.42626953,-1.5962695,-0.60626954,0.52373046,2.5837305,-1.2762696,-1.6362696,-1.3562695,0.7537305
-1.3862696,-2.4262695,-2.0562696,0.5637305,3.0737305,3.0537305,1.9337305,-2.1062696,-1.3262695,1.5237305,-1.1662695,-1.0962695,-1.2362695,-0.52626956,-2.6662695,-4.8362694,-6.2162695,-4.9462695,-4.9662695,-4.3762693,-1.9962696,-1.1062695,-1.4662695,-1.3862696,-0.046269532,1.2237304,2.8237305,3.5937304,4.1637306,3.6937304,3.0737305,3.2637305,3.9937305,3.2737305,3.6537304,2.1037304,2.3637304,3.0037305,-1.0062696,-0.39626953,0.66373044,1.8237305,1.3637304,-0.39626953,0.8837305,0.23373047,3.7837305,7.9237304,7.5837307,0.5637305,-2.6862695,0.31373048,1.9137305,0.9337305,-0.98626953,0.31373048,-0.21626954
-2.0062695,-2.2962694,-1.5262696,0.28373048,0.17373046,0.21373047,-1.0162696,-1.6362696,1.4837304,-1.3762696,-2.9162695,-2.0462694,-2.0862696,0.43373048,-1.2262695,-3.5562696,-3.8962696,-3.4262695,-4.0462694,-4.9162693,-2.2062695,-2.6462696,-4.0662694,-3.9062696,-2.6162696,-1.7762696,-0.07626953,1.7037305,2.4337304,2.3537304,1.1137304,1.7037305,3.1037304,1.8737304,2.9237304,3.1437304,1.6237304,3.0737305,1.2037305,-0.96626955,-0.9962695,1.1337304,1.2337304,-1.5762695,-0.29626954,0.9837305,2.2637305,4.5737305,5.5437303,4.9037304,-0.77626956,-1.1462696,-0.17626953,2.4137304,-0.58626956,0.59373045,-0.27626953
-3.2962694,-2.8562696,-3.2862694,-2.3262696,-2.0762696,-1.8462695,-2.0062695,-0.8762695,-4.5062695,-2.8562696,-1.1662695,-2.6162696,-2.7162695,-0.29626954,0.7937305,-3.1362696,-5.3962693,-3.3962696,-3.4062696,-2.5762696,-1.9362695,-0.09626953,0.24373047,-3.2262695,-3.7162695,-3.7562695,-2.6362696,-1.1662695,-1.0862695,-0.5662695,0.17373046,0.76373047,0.9237305,1.0737305,1.1937305,-0.21626954,-0.29626954,0.39373046,2.9737306,-2.7962694,-1.6862695,-0.42626953,1.1937305,-0.14626953,-1.0662695,0.6837305,1.6537305,3.2137306,4.4537306,4.7537303,3.7637305,-1.5162696,-1.5362695,-0.7462695,0.11373047,-0.10626953,-0.5162695
-3.8562696,-4.1562696,-4.5162697,-3.6962695,-2.8062696,-2.8862696,-2.0662696,-4.1162696,-6.8962693,-7.6462693,-1.4362695,-2.9662695,-2.6162696,-1.4762695,-0.85626954,0.39373046,-4.9262695,-3.5262694,-4.9962697,-3.0662696,-1.9262695,-0.30626953,0.9237305,-1.6462696,-4.0362697,-4.2462697,-4.7962694,-2.9662695,-2.5862696,-1.5362695,-1.1162696,-0.8762695,0.14373046,1.2737305,3.7037306,-0.66626954,1.6737305,1.9837304,1.2537304,-4.6762695,-2.7962694,-1.5962695,0.49373046,0.43373048,0.29373047,0.14373046,1.4137305,2.4537306,3.7137306,3.8237305,3.6937304,0.15373047,-1.0562695,-0.016269531,-0.71626955,1.8537304,0.5037305
-3.1462696,-1.2562696,1.7937305,2.3637304,2.5037305,1.8337305,-4.1162696,-6.1562696,-7.7462697,0.45373046,-3.2962694,-2.9262695,-1.5462695,-2.4362695,-1.6762695,-1.3562695,-3.9062696,-3.5562696,-3.1462696,-3.1862695,-3.5962696,-1.0162696,-0.97626954,-1.7362695,-2.6662695,-3.3362696,-4.1362696,-3.2662694,-1.8362695,-1.4562695,-2.4262695,-1.6462696,0.38373047,2.2437305,2.0337305,0.5037305,1.0137305,3.8137305,6.3437304,5.5337305,3.7337306,-0.34626952,1.0837305,1.3237305,0.43373048,-0.05626953,1.2837305,1.4337305,2.5637305,3.0537305,3.1437304,3.5337305,-0.44626954,-0.16626953,-0.97626954,-0.42626953,0.82373047
-1.4562695,0.09373047,2.2437305,2.8437304,2.3537304,2.2937305,1.6037304,-3.3462696,0.23373047,3.7737305,-2.5062695,-3.0262694,-2.7762694,-2.2662694,-3.3062696,-3.7762694,-1.6562696,-6.5262694,-3.3662696,-3.5462694,-2.7362695,-1.4962696,-1.3662696,-1.4462695,-1.9262695,-2.0762696,-2.8062696,-1.7962695,-1.2362695,-2.2862694,-0.73626953,0.10373047,0.25373048,1.4637305,3.9937305,4.2637305,2.6337304,-0.02626953,1.8237305,2.6937304,3.7337306,0.09373047,1.3037305,0.6237305,-0.0062695313,-1.6462696,1.1037304,0.6737305,1.6937305,1.9937304,2.1837304,2.6237304,3.0637305,0.53373045,-1.0662695,-1.9462695,-0.9962695
2.8337305,2.4037304,2.1437304,1.3637304,0.5037305,3.8937304,-2.0362694,-1.5462695,0.40373048,0.40373048,-3.0662696,-2.3162696,-2.8262696,-2.6962695,-3.7262695,-3.7062695,-2.4062696,-3.2062695,-4.3662696,-4.0162697,-2.9162695,-1.0062696,1.1237304,0.70373046,0.32373047,1.7037305,1.2537304,-0.9562695,-1.7962695,-1.1762695,-1.3162695,-0.53626955,0.64373046,1.9837304,2.5037305,4.6237307,5.5837307,1.4837304,1.3337305,0.8137305,2.8137305,1.5637305,1.0837305,-0.72626954,-1.5062696,-2.0662696,-0.14626953,0.7537305,1.0737305,1.2937305,1.3837304,2.3737304,4.0737305,3.8437304,1.8937305,1.6537305,-1.7862695
3.8237305,1.9037305,-0.05626953,-0.37626952,0.013730469,2.6237304,0.77373046,-2.1162696,0.23373047,0.25373048,-0.52626956,-1.6362696,-1.9262695,-1.8862696,-3.9262695,-5.4062696,-4.5262694,-3.9862695,-4.3062696,-3.7062695,-3.5862696,-2.1062696,-0.14626953,0.7937305,0.8737305,1.3737304,1.9437305,1.6637305,-0.91626954,-1.0062696,1.0237305,-1.4462695,1.1637305,2.3137305,1.3537304,2.9037304,5.3737307,3.5037305,1.4037305,1.4037305,3.8337305,1.8637304,1.7837305,-1.3362695,-2.7262695,-0.05626953,-2.1462696,-0.54626954,1.0937304,0.5637305,0.52373046,1.4637305,2.3437304,2.2537305,-0.8262695,-1.3162695,-1.7262695
2.9037304,-0.13626952,-0.9562695,-1.4962696,-4.5362697,1.7437304,-1.0262696,7.2237306,1.2137305,-1.2962695,-1.2462696,-1.0362695,-2.8362696,-2.0862696,-4.1662693,-5.0562696,-5.9062696,-5.4662695,-5.1762695,-4.6662693,-3.3662696,-2.6462696,-1.4362695,-1.5262696,0.83373046,0.8737305,1.6937305,0.40373048,-1.6062695,-1.3262695,0.30373046,-0.8862695,0.29373047,1.0737305,0.47373047,0.82373047,5.1537304,4.6537304,4.9537306,0.43373048,1.9237305,2.6037304,1.6537305,-1.8462695,-1.8362695,-0.90626955,-4.3362694,0.78373045,-0.27626953,-0.23626953,-0.59626955,0.6337305,0.47373047,0.25373048,-2.1462696,-1.4562695,-1.9962696
2.8137305,2.1337304,-3.3162696,-5.9062696,-5.6862698,-6.2062697,-2.7062695,10.873731,0.023730468,-0.49626952,-1.5262696,-2.0662696,-3.2362695,-1.2362695,-1.1062695,-7.1562696,-5.6562696,-6.8762693,-7.2662697,-4.5562696,-1.9762695,-3.3362696,-2.5362694,-1.8862696,-0.6362695,1.5137305,0.60373044,-1.0962695,-1.8662696,-0.8662695,0.41373047,0.6737305,-0.07626953,0.6137305,0.21373047,0.32373047,4.7437305,6.7437305,5.6737304,1.3637304,-0.10626953,2.4237304,2.6837304,-0.65626955,-3.0162694,-1.9662695,-3.1162696,-0.7062695,-2.2662694,-0.97626954,-1.1462696,-0.42626953,-0.14626953,-1.8862696,-1.0062696,-0.35626954,-2.7162695
2.9437304,5.3637304,3.4137304,1.9537305,-1.9962696,-4.3062696,-1.4262695,1.0437305,-5.1662693,-0.78626955,-3.3162696,-1.4862695,-1.4362695,-2.1662695,-0.41626954,-2.5262694,-4.1262693,-3.3562696,-5.3962693,-3.0962696,-2.5462694,-3.3762696,-3.9462695,-2.0862696,-1.9562695,0.57373047,1.0737305,0.41373047,-1.0062696,-0.6962695,-0.58626956,2.0237305,-0.5162695,0.83373046,-0.23626953,-0.72626954,0.31373048,6.3737307,6.5837307,3.1637304,0.6737305,4.2037306,4.2637305,0.123730466,-2.6262696,-2.7262695,-1.6462696,-1.1662695,-1.5262696,-0.77626956,-2.9562695,-1.3862696,-1.1362696,-2.4062696,-0.59626955,1.2837305,-3.4762695
2.8537304,3.6637304,1.8037305,3.3437304,3.8937304,1.4837304,-2.0162694,-1.8162695,-4.4462695,-2.4462695,-2.8362696,-1.0162696,-1.3962696,-1.1662695,0.91373044,0.7537305,-3.1862695,-0.27626953,-0.98626953,-0.42626953,-3.5162694,-3.7162695,-4.8562694,-2.9562695,-1.4862695,-0.72626954,-0.64626956,-0.0062695313,-1.6162696,-0.06626953,0.47373047,0.45373046,0.09373047,0.13373047,-0.5762695,-0.19626953,1.3037305,1.5237305,4.4837303,2.7437305,-0.7462695,1.9237305,4.0437303,2.4337304,-3.8262696,-3.6262696,-2.0562696,-1.0862695,-1.2362695,-3.1262696,-2.5362694,-1.8962696,-3.3062696,-1.7762696,-0.08626953,1.5637305,1.8237305
3.7837305,3.1337304,3.5737305,0.76373047,3.5137305,0.9237305,-0.5662695,-3.3862696,-5.6962695,0.10373047,-0.7462695,-2.9462695,-3.0162694,-2.8962696,-0.83626956,-0.7662695,0.10373047,-2.3062696,-2.6562696,1.2237304,-4.0462694,-4.8562694,-4.9762697,-3.3562696,-1.1162696,-0.26626953,-0.8762695,-1.2262695,-1.4962696,-0.46626952,0.6337305,0.8837305,-0.7662695,-0.41626954,1.4737304,0.06373047,0.5037305,1.0037304,4.0437303,3.0837305,4.9337306,-0.78626955,2.5537305,3.5037305,-4.0362697,-3.0462694,-2.3962696,-1.0162696,-0.8862695,-1.2462696,-2.2262695,-1.0462695,-2.7962694,-1.3662696,1.8037305,4.1737304,2.1537304
5.3537307,3.1037304,4.3337307,3.9137304,3.3937304,3.5737305,0.44373047,-3.0662696,-5.7062697,-1.3062695,0.72373044,-2.4262695,-3.3162696,-3.3362696,-1.4262695,-2.1662695,-0.40626952,-2.9162695,-3.8062696,-3.0062695,-4.0462694,-4.1162696,-4.3662696,-3.6662695,-1.7462696,-1.2462696,-1.6062695,-1.1762695,-1.1362696,0.22373047,0.89373046,-0.06626953,-1.0662695,0.9237305,0.96373045,-2.0962696,0.45373046,0.38373047,4.4837303,6.5837307,8.32373,1.0037304,-0.77626956,2.8437304,0.17373046,-2.6562696,-1.8162695,-1.7862695,-0.24626952,0.6937305,2.6537304,0.6837305,1.8237305,3.1837304,1.9937304,3.6837304,1.8337305
4.7337303,4.8537307,4.9437304,3.6237304,8.413731,3.0537305,6.4437304,0.19373047,-3.3062696,-1.8362695,-0.21626954,-3.7062695,-2.4762695,-0.8762695,-2.3262696,-1.0562695,-0.27626953,-0.43626952,-3.9962695,-4.3162694,-3.2562695,-3.0462694,-4.7362695,-3.5462694,-1.8062695,-0.92626953,-2.4562695,-2.3962696,-1.4662695,-0.8862695,0.41373047,-0.5662695,1.7937305,1.3437304,1.2237304,-2.2962694,-0.38626954,0.42373046,0.40373048,8.043731,7.6137304,5.2537303,-2.5062695,-0.6362695,0.20373046,1.6037304,-0.6962695,1.0637305,0.22373047,1.5537305,-0.54626954,2.0937304,1.5437305,2.1537304,2.0737305,1.1037304,1.3537304
4.1537304,5.6037307,4.6637306,3.9337304,5.5537305,3.5337305,4.6537304,4.6437306,2.0937304,-1.2962695,0.20373046,-2.3362696,-1.7062695,-1.0262696,-1.3462695,-1.1062695,1.5237305,-0.7662695,1.4037305,-1.9162695,-4.0462694,-4.2762694,-2.4362695,-1.4562695,-1.4962696,-1.7162695,-1.3562695,-1.7162695,-1.3362695,-1.6162696,-0.90626955,2.3537304,2.2237306,3.0537305,2.6437304,-1.7962695,-0.06626953,-1.2962695,1.2637305,0.7937305,6.2537303,5.5737305,3.3037305,0.22373047,0.9237305,1.0137305,0.64373046,-0.0062695313,0.15373047,-0.48626953,-1.7862695,-0.41626954,1.6937305,-0.79626954,0.6337305,8.10373,10.26373
2.6637304,3.4237304,3.2537305,4.9337306,-5.7662697,8.93373,6.1337304,5.6337304,2.4637306,0.82373047,-0.9962695,-1.5962695,-2.7962694,-1.0262696,-0.49626952,0.45373046,1.5437305,1.9637305,2.7737305,0.17373046,0.16373047,-2.3062696,-3.1062696,-4.5462694,0.11373047,-2.5062695,-0.18626954,-0.5062695,-1.2362695,-1.8662696,-0.92626953,-0.6862695,2.7837305,1.5437305,4.7137303,1.8237305,-0.8862695,1.7037305,-0.71626955,0.31373048,3.1137304,5.2537303,2.9237304,2.1037304,0.82373047,3.0737305,-0.49626952,-1.1962695,-0.7462695,0.64373046,-2.1862695,-0.20626953,-1.4062696,3.5137305,5.9537306,8.01373,9.32373
