public/data/weather/wind-json-20190612.json
{"header": { "discipline":0, "disciplineName":"Meteorological products", "gribEdition":2, "gribLength":75466, "center":7, "centerName":"US National Weather Service - NCEP(WMC)", "subcenter":0, "refTime":"2019-06-12T00:00:00.000Z", "significanceOfRT":1, "significanceOfRTName":"Start of forecast", "productStatus":0, "productStatusName":"Operational products", "productType":1, "productTypeName":"Forecast products", "productDefinitionTemplate":0, "productDefinitionTemplateName":"Analysis/forecast at horizontal level/layer at a point in time", "parameterCategory":2, "parameterCategoryName":"Momentum", "parameterNumber":3, "parameterNumberName":"V-component_of_wind", "parameterUnit":"m.s-1", "genProcessType":2, "genProcessTypeName":"Forecast", "forecastTime":0, "surface1Type":103, "surface1TypeName":"Specified height level above ground", "surface1Value":10.0, "surface2Type":255, "surface2TypeName":"Missing", "surface2Value":0.0, "gridDefinitionTemplate":0, "gridDefinitionTemplateName":"Latitude_Longitude", "numberPoints":65160, "shape":6, "shapeName":"Earth spherical with radius of 6,371,229.0 m", "gridUnits":"degrees", "resolution":48, "winds":"true", "scanMode":0, "nx":360, "ny":181, "basicAngle":0, "lo1":0.0, "la1":90.0, "lo2":359.0, "la2":-90.0, "dx":1.0, "dy":1.0 }, "data":
[rows 0 to 25 of 181, columns 0 to 58 of 360]
3.555508,3.545508,3.525508,3.5155077,3.5055077,3.4955077,3.4755077,3.4555078,3.4455078,3.4255078,3.4055078,3.3855078,3.3655078,3.3355079,3.315508,3.295508,3.2655077,3.2355077,3.2155077,3.1855078,3.1555078,3.1255078,3.0955079,3.055508,3.025508,2.9955077,2.9555078,2.9255078,2.8855078,2.8455079,2.805508,2.7655077,2.7255077,2.6855078,2.6455078,2.6055079,2.555508,2.5155077,2.4655077,2.4255078,2.3755078,2.3255079,2.275508,2.2355077,2.1855078,2.1355078,2.0855079,2.025508,1.9755079,1.9255078,1.8755078,1.8155078,1.7655078,1.7055078,1.6555078,1.5955079,1.5455078,1.4855078,1.4255078
3.9055078,3.8855078,3.8655078,3.8455079,3.8255079,3.805508,3.775508,3.7455077,3.7155077,3.6955078,3.6555078,3.6255078,3.5855079,3.555508,3.5155077,3.4755077,3.4355078,3.3855078,3.3455079,3.295508,3.2455077,3.1955078,3.1455078,3.0955079,3.045508,2.9855077,2.9255078,2.8655078,2.815508,2.7455077,2.6855078,2.6255078,2.555508,2.4855077,2.4255078,2.3455079,2.285508,2.2055078,2.1355078,2.055508,1.9855078,1.9055078,1.8255078,1.7355078,1.6655078,1.5855079,1.4955078,1.4155078,1.3355079,1.2555078,1.1655078,1.0955079,1.0055078,0.9255078,0.8355078,0.7555078,0.6755078,0.5855078,0.5055078
3.9255078,3.9055078,3.8755078,3.8455079,3.815508,3.775508,3.7455077,3.7155077,3.6855078,3.6455078,3.6055079,3.5755079,3.535508,3.4955077,3.4455078,3.4055078,3.3555079,3.305508,3.2655077,3.1955078,3.1355078,3.065508,2.9955077,2.9355078,2.8755078,2.805508,2.7255077,2.6455078,2.565508,2.4655077,2.3855078,2.285508,2.1755078,2.0755079,1.9655079,1.8555079,1.7355078,1.6255078,1.5055078,1.3855078,1.2655078,1.1555078,1.0355078,0.9155078,0.7955078,0.68550783,0.5655078,0.44550782,0.3355078,0.22550781,0.10550781,-0.0044921874,-0.114492185,-0.21449219,-0.3244922,-0.4144922,-0.5144922,-0.6144922,-0.7144922
3.8255079,3.7655077,3.7255077,3.6655078,3.6155078,3.565508,3.5155077,3.4555078,3.4055078,3.3555079,3.305508,3.2555077,3.2055078,3.1555078,3.0955079,3.035508,2.9755077,2.9055078,2.8355079,2.7355077,2.6555078,2.545508,2.4355078,2.305508,2.1755078,2.035508,1.8855078,1.7355078,1.5755078,1.4055078,1.2355078,1.0655078,0.8855078,0.7155078,0.5455078,0.3755078,0.2155078,0.055507813,-0.09449219,-0.24449219,-0.39449218,-0.5344922,-0.6644922,-0.7944922,-0.9144922,-1.0244921,-1.1344922,-1.2344922,-1.3344922,-1.4344922,-1.5344921,-1.6244922,-1.7144922,-1.8044922,-1.8744922,-1.9544922,-2.0244923,-2.1044922,-2.1744921
3.6555078,3.555508,3.4655077,3.3655078,3.2655077,3.1655078,3.0755079,2.9755077,2.8855078,2.815508,2.7455077,2.6855078,2.6355078,2.5755079,2.525508,2.4555078,2.3755078,2.285508,2.1655078,2.035508,1.8855078,1.7055078,1.5155078,1.3155078,1.1055079,0.8955078,0.68550783,0.47550783,0.26550782,0.065507814,-0.13449219,-0.33449218,-0.5244922,-0.7144922,-0.88449216,-1.0544922,-1.2244922,-1.3744922,-1.5244921,-1.6644921,-1.7844921,-1.8944921,-2.0044923,-2.1044922,-2.194492,-2.2744923,-2.3544922,-2.434492,-2.5044923,-2.5744922,-2.6444921,-2.704492,-2.7744923,-2.8344922,-2.8944921,-2.954492,-3.0344923,-3.0944922,-3.1744921
3.3855078,3.2555077,3.1055079,2.9655077,2.8255079,2.6655078,2.5055077,2.3455079,2.1955078,2.055508,1.9455078,1.8655078,1.8155078,1.7855078,1.7755078,1.7655078,1.7355078,1.6755078,1.5755078,1.4455078,1.2555078,1.0355078,0.7955078,0.5355078,0.2855078,0.025507813,-0.22449219,-0.4644922,-0.7144922,-0.94449216,-1.1744922,-1.3944921,-1.6044922,-1.8044922,-1.9744922,-2.1244922,-2.2644923,-2.3844922,-2.4944923,-2.5944922,-2.684492,-2.7844923,-2.8744922,-2.974492,-3.0644922,-3.1644921,-3.2544923,-3.3644922,-3.474492,-3.5944922,-3.714492,-3.8444922,-3.974492,-4.1144924,-4.244492,-4.3644924,-4.5244923,-4.6544924,-4.7744923
2.9555078,2.7455077,2.535508,2.3255079,2.1255078,1.9255078,1.7255079,1.5255078,1.3255078,1.1255078,0.9155078,0.7255078,0.5655078,0.4555078,0.4255078,0.44550782,0.5355078,0.6355078,0.7255078,0.7555078,0.6955078,0.5255078,0.26550782,-0.04449219,-0.3844922,-0.7344922,-1.0644922,-1.3644922,-1.6144922,-1.8544922,-2.0544922,-2.2444923,-2.4144921,-2.5644922,-2.704492,-2.8344922,-2.954492,-3.0744922,-3.194492,-3.3244922,-3.454492,-3.5944922,-3.7444923,-3.9044921,-4.084492,-4.2544923,-4.4444923,-4.6544924,-4.824492,-4.994492,-5.1544924,-5.304492,-5.4644923,-5.624492,-5.7744923,-5.9244924,-6.074492,-6.204492,-6.324492
2.3855078,2.0955079,1.8155078,1.5555078,1.2855078,1.0255078,0.7755078,0.5455078,0.3455078,0.17550781,0.015507813,-0.1444922,-0.3144922,-0.48449218,-0.6644922,-0.7844922,-0.8244922,-0.75449216,-0.5844922,-0.3844922,-0.24449219,-0.21449219,-0.3444922,-0.62449217,-1.0244921,-1.4544922,-1.8444922,-2.1544921,-2.3644922,-2.5444922,-2.704492,-2.8644922,-3.0244923,-3.184492,-3.3344922,-3.474492,-3.6344922,-3.7844923,-3.954492,-4.164492,-4.4044924,-4.6344924,-4.854492,-5.054492,-5.2544923,-5.434492,-5.6144924,-5.804492,-5.994492,-6.184492,-6.394492,-6.594492,-6.804492,-6.994492,-7.164492,-7.324492,-7.474492,-7.624492,-7.744492
1.5355078,1.1355078,0.7955078,0.5255078,0.2855078,0.08550781,-0.114492185,-0.2944922,-0.4644922,-0.6144922,-0.7444922,-0.8544922,-0.9544922,-1.0544922,-1.1644921,-1.2844921,-1.4044921,-1.5244921,-1.6144922,-1.6644921,-1.6544921,-1.6144922,-1.5844922,-1.6244922,-1.7444922,-1.9344922,-2.184492,-2.454492,-2.694492,-2.9144921,-3.1344922,-3.3344922,-3.5344923,-3.704492,-3.8944921,-4.1144924,-4.334492,-4.574492,-4.804492,-5.0444922,-5.2944922,-5.534492,-5.764492,-5.994492,-6.184492,-6.374492,-6.564492,-6.804492,-7.084492,-7.434492,-7.644492,-7.834492,-8.004492,-8.144492,-8.2844925,-8.444492,-8.584492,-8.694492,-8.854492
0.44550782,0.08550781,-0.19449219,-0.39449218,-0.5444922,-0.6444922,-0.7344922,-0.8444922,-0.94449216,-1.0544922,-1.1244922,-1.1544921,-1.1644921,-1.1844922,-1.2444922,-1.3444922,-1.4244922,-1.4644922,-1.3944921,-1.3544922,-1.4144921,-1.5444922,-1.7544922,-1.9644922,-2.184492,-2.3844922,-2.5544922,-2.7444923,-2.944492,-3.1744921,-3.434492,-3.6744921,-3.934492,-4.204492,-4.474492,-4.724492,-4.9644923,-5.224492,-5.5044923,-5.7744923,-5.9844923,-6.1544924,-6.5244923,-7.104492,-8.234492,-8.964492,-9.314492,-9.504492,-9.574492,-9.514492,-9.314492,-9.724492,-10.684492,-11.014492,-10.314492,-8.554492,-7.084492,-7.2944922,-8.554492
-0.3844922,-0.56449217,-0.69449216,-0.81449217,-0.9144922,-0.9944922,-1.0344921,-1.0644922,-1.1444921,-1.1244922,-0.94449216,-0.6144922,-0.3844922,-0.33449218,-0.20449218,0.14550781,0.4355078,0.2455078,-0.62449217,-1.3044922,-1.6844922,-1.6444921,-1.2644922,-0.94449216,-1.1544921,-2.3144922,-4.1544924,-5.534492,-5.7544923,-5.124492,-4.6744924,-4.6944923,-5.264492,-5.054492,-5.0444922,-5.184492,-5.574492,-5.7944922,-5.934492,-6.4044924,-7.624492,-8.424492,-9.014492,-9.414493,-9.694492,-9.824492,-9.674492,-9.364492,-8.874493,-9.214492,-9.544492,-9.494493,-9.824492,-9.924492,-9.794492,-9.824492,-10.464492,-11.454493,-11.704493
-0.7744922,-0.9644922,-1.2044922,-1.5344921,-1.9044921,-2.3944921,-2.5544922,-2.8844922,-3.5944922,-4.394492,-4.334492,-2.9944923,-1.4044921,-1.0344921,-1.8244922,-2.3844922,-1.7044922,-0.5944922,-0.18449219,-0.7244922,-2.0544922,-3.434492,-4.494492,-3.8244922,-1.6044922,0.11550781,0.1355078,-1.3444922,-3.1644921,-4.0044923,-4.014492,-3.8544922,-4.074492,-4.804492,-5.064492,-5.184492,-5.764492,-7.2744923,-7.9644923,-8.304492,-8.604492,-8.994493,-9.234492,-8.504492,-8.354492,-8.274492,-8.354492,-8.574492,-8.824492,-9.064492,-9.274492,-9.264492,-9.244493,-9.504492,-9.794492,-10.094492,-10.434492,-10.734492,-11.004492
-2.434492,-3.3244922,-3.8744922,-5.1744924,-5.1544924,-4.014492,-2.6244922,-1.9844922,-2.2944922,-3.1544921,-4.0044923,-4.2544923,-3.6044922,-2.2744923,-0.81449217,-0.114492185,-0.084492184,-0.50449216,-1.2544922,-2.0044923,-1.9544922,-1.4544922,-1.5144922,-2.5044923,-2.9044921,-2.7344923,-2.194492,-2.2444923,-2.964492,-3.694492,-4.184492,-4.124492,-3.954492,-4.344492,-5.914492,-6.874492,-7.1744924,-7.1944923,-7.184492,-7.554492,-8.614492,-9.264492,-9.214492,-8.194492,-7.9844923,-8.324492,-9.204493,-9.004492,-9.084492,-9.164493,-9.334492,-9.934492,-10.464492,-10.774492,-11.274492,-11.624493,-11.5344925,-10.924492,-10.294492
-5.434492,-6.124492,-5.6344924,-3.4144921,-0.94449216,-0.16449219,-0.87449217,-1.2244922,-0.6044922,0.11550781,0.17550781,-0.4344922,-1.3744922,-2.3544922,-2.944492,-2.8544922,-1.9444922,-1.3644922,-1.7644922,-2.0044923,-1.3844922,-0.63449216,-0.3244922,-0.8444922,-1.9144921,-2.714492,-2.8544922,-2.8344922,-3.444492,-4.084492,-3.8644922,-4.224492,-4.2744923,-4.9844923,-5.6144924,-6.494492,-7.204492,-7.434492,-7.7744923,-8.214492,-8.774492,-9.324492,-9.874493,-10.674492,-10.894492,-11.144492,-11.444492,-11.674492,-11.734492,-11.744493,-11.824492,-11.934492,-12.104492,-12.344492,-12.524492,-12.504492,-12.324492,-12.134492,-11.984492
-5.0044923,-4.394492,-3.5944922,-2.954492,-2.444492,-1.8344922,-1.0744922,-0.3144922,-0.0044921874,-0.21449219,-0.2944922,0.1355078,0.7555078,0.9755078,0.5155078,-0.39449218,-1.2044922,-1.7044922,-2.0044923,-2.2644923,-2.4144921,-2.2844923,-1.7844921,-1.2944922,-1.1444921,-1.7044922,-2.8144922,-3.7644923,-4.2544923,-4.434492,-4.534492,-5.164492,-5.1744924,-5.354492,-5.394492,-5.5044923,-6.2144923,-7.344492,-7.7144923,-8.044492,-9.664493,-10.474492,-10.814492,-10.934492,-11.024492,-11.174492,-11.434492,-11.644492,-11.714492,-11.704493,-11.754492,-12.014492,-12.434492,-12.614492,-12.304492,-11.804492,-11.544492,-11.204493,-9.754492
-4.7944922,-4.4844923,-4.104492,-3.694492,-3.1144922,-2.434492,-1.7244922,-0.8544922,0.14550781,0.4055078,-0.24449219,-0.3444922,0.99550784,2.6055079,3.1755078,2.6455078,1.5955079,0.6555078,0.23550782,-0.13449219,-0.6644922,-1.3144922,-2.0844922,-2.7844923,-3.204492,-3.1044922,-2.8244922,-3.0744922,-3.5944922,-4.4244924,-4.9844923,-5.1944923,-5.574492,-6.144492,-6.304492,-6.584492,-7.1544924,-8.084492,-8.814492,-9.154492,-9.614492,-10.134492,-10.754492,-11.114492,-11.274492,-11.364492,-11.554492,-11.744493,-11.884492,-12.0344925,-12.074492,-12.134492,-12.214492,-11.874493,-11.584492,-11.524492,-9.264492,-6.394492,-7.824492
-4.894492,-4.8644924,-4.554492,-3.944492,-3.0944922,-2.0444922,-1.1544921,-0.9144922,-0.9144922,-0.15449218,1.3755078,2.5755079,2.9055078,2.815508,2.6455078,2.315508,1.7655078,1.1555078,0.6355078,0.17550781,-0.5444922,-1.6744922,-2.944492,-4.304492,-5.324492,-5.3644924,-4.574492,-3.9944923,-4.324492,-5.1944923,-5.9444923,-6.334492,-6.4444923,-6.4844923,-6.804492,-7.6344924,-8.154492,-8.494493,-9.044492,-9.454493,-9.664493,-10.094492,-10.554492,-10.854492,-11.024492,-11.144492,-11.314492,-11.554492,-11.714492,-11.724492,-11.814492,-12.104492,-11.904492,-11.574492,-11.644492,-7.934492,-2.7644923,-1.6244922,-3.0144923
-3.0544922,-2.944492,-2.8844922,-2.454492,-1.9944922,-1.6844922,-1.4844922,-1.1544921,-0.4444922,0.8255078,2.4055078,3.285508,3.1155078,2.6355078,2.295508,2.0055077,1.5455078,0.9755078,0.4255078,-0.13449219,-0.8444922,-1.8644922,-3.2444923,-4.604492,-5.244492,-4.834492,-4.0444922,-3.7844923,-4.184492,-4.804492,-5.334492,-5.7944922,-6.354492,-6.9844923,-7.564492,-8.154492,-8.694492,-9.114492,-9.484492,-9.964492,-10.144492,-10.194492,-10.314492,-10.624493,-10.7844925,-10.884492,-10.984492,-11.074492,-11.124493,-11.294492,-11.484492,-11.544492,-11.794492,-10.424492,-5.664492,-3.6444921,-4.7744923,-5.304492,-3.3844922
-2.3344922,-2.4044921,-2.3444922,-2.2444923,-1.9944922,-1.5044922,-0.8944922,-0.27449217,0.8355078,2.7255077,3.8955078,3.4555078,2.5955079,2.1155078,1.8955078,1.6955078,1.3455079,0.7655078,0.055507813,-0.8944922,-2.0344923,-2.7444923,-2.974492,-3.2944922,-3.8744922,-3.8944921,-3.224492,-3.1444921,-3.8644922,-4.624492,-5.054492,-5.4844923,-6.1344924,-6.9044924,-7.554492,-8.224492,-8.984492,-9.614492,-10.064492,-10.484492,-10.854492,-10.824492,-10.5344925,-10.404492,-10.364492,-10.454493,-10.494493,-10.514492,-10.444492,-10.424492,-10.794492,-11.074492,-9.054492,-8.854492,-8.774492,-7.2144923,-4.764492,-3.214492,-3.464492
-2.1744921,-1.9444922,-1.5444922,-0.9844922,-0.3544922,0.32550782,0.86550784,1.2855078,1.8555079,2.3455079,2.2055078,1.7355078,1.6055079,1.9855078,2.3555079,2.1455078,1.3555079,0.5155078,-0.36449218,-1.2844921,-2.214492,-2.5144923,-2.2944922,-2.2544923,-2.3444922,-3.2544923,-3.474492,-3.0144923,-2.6444921,-3.474492,-4.594492,-5.554492,-6.3644924,-7.2344923,-7.994492,-8.734492,-9.514492,-10.084492,-10.504492,-10.814492,-11.134492,-11.364492,-11.294492,-10.944492,-10.504492,-10.164493,-10.024492,-10.024492,-9.624493,-9.844492,-10.274492,-10.404492,-10.394492,-9.684492,-7.2944922,-5.224492,-3.954492,-3.3944921,-3.9144921
-0.22449219,-0.09449219,0.16550781,0.5455078,0.8255078,1.0155078,1.1655078,1.1155078,0.9455078,0.6655078,0.7555078,1.6055079,2.3255079,2.035508,1.1555078,0.08550781,-0.9644922,-1.0844922,0.0055078124,0.10550781,-0.12449219,0.7355078,0.47550783,0.2155078,-0.20449218,-1.2144922,-4.034492,-4.554492,-3.0544922,-2.444492,-1.8844922,-2.7544923,-5.094492,-6.894492,-8.004492,-8.694492,-9.434492,-9.954493,-10.444492,-10.994493,-11.324492,-11.484492,-11.524492,-11.384492,-11.174492,-10.934492,-10.204493,-9.814492,-9.844492,-9.974492,-9.894492,-9.674492,-9.704493,-9.904492,-9.984492,-9.134492,-7.4644923,-5.9244924,-4.814492
0.5455078,0.6455078,0.86550784,0.9755078,0.55550784,-0.1444922,-0.7244922,-1.0044922,-0.7344922,0.0055078124,0.4355078,-0.16449219,-1.3044922,-2.3344922,-2.8244922,-2.2444923,-1.5244921,-0.6444922,0.18550782,0.1355078,-0.3244922,-0.6044922,-1.0844922,-1.5544922,-2.1444921,-2.4044921,-2.0944922,-2.184492,-2.7544923,-1.2144922,-1.0844922,-2.224492,-2.204492,-2.214492,-4.604492,-6.2144923,-7.0444922,-9.924492,-10.854492,-11.084492,-11.364492,-11.754492,-10.564492,-10.174492,-10.084492,-10.344492,-10.684492,-10.764492,-10.224492,-7.324492,-8.744493,-9.584492,-8.874493,-7.724492,-6.374492,-5.474492,-4.824492,-4.264492,-3.8644922
-0.5144922,-0.4444922,-0.8244922,-1.5144922,-2.224492,-2.2544923,-1.6244922,-1.4244922,-2.0144923,-3.1344922,-4.0044923,-4.704492,-5.4844923,-6.014492,-5.724492,-3.7544923,-0.7444922,0.10550781,0.17550781,-0.3444922,-1.2044922,-0.88449216,0.6655078,0.2155078,-0.4444922,-0.3144922,-0.7444922,-1.3544922,-1.5744922,-0.8344922,-1.0944922,-1.4144921,-1.7144922,-1.6244922,-2.3944921,-5.204492,-8.194492,-8.664493,-8.574492,-8.974492,-10.794492,-11.144492,-10.584492,-10.044492,-8.824492,-7.474492,-7.6944923,-10.2844925,-9.544492,-7.6344924,-6.584492,-6.304492,-5.9844923,-5.1344924,-4.9644923,-5.604492,-4.974492,-3.954492,-3.3044922
-3.0344923,-3.964492,-3.3144922,-2.5744922,-2.8644922,-3.4944923,-4.1544924,-4.744492,-5.4044924,-6.1544924,-6.934492,-7.4244924,-7.974492,-7.104492,-1.4544922,0.4355078,-0.12449219,-1.5844922,-0.45449218,1.7155079,1.7955078,1.2055078,0.5955078,0.14550781,-0.1444922,-0.7644922,-1.3344922,-1.4444922,-1.3744922,-1.4244922,-1.7644922,-1.7144922,-1.5344921,-2.1044922,-2.7844923,-2.5944922,-4.594492,-7.834492,-8.134492,-8.884492,-8.374493,-8.974492,-12.0344925,-11.584492,-9.384492,-7.1744924,-10.214492,-10.394492,-7.9244924,-7.244492,-6.664492,-6.644492,-6.514492,-6.784492,-6.4644923,-5.744492,-6.184492,-5.514492,-4.994492
-4.7344923,-4.2344923,-4.744492,-5.374492,-5.6344924,-5.834492,-6.074492,-6.414492,-6.874492,-7.314492,-7.8644924,-8.494493,-6.7144923,-1.1544921,0.3955078,0.5155078,1.0055078,1.5155078,1.9755079,1.8255078,1.4955078,0.9755078,0.4655078,-0.014492188,-0.7444922,-1.0644922,-1.4344922,-1.7144922,-1.8244922,-1.9644922,-1.8344922,-2.2344923,-1.9644922,-2.2644923,-3.214492,-6.684492,-7.624492,-8.324492,-7.6744924,-9.024492,-9.814492,-9.294492,-6.264492,-8.854492,-8.194492,-5.844492,-5.7744923,-6.1144924,-5.664492,-5.374492,-5.074492,-5.094492,-4.9844923,-4.854492,-4.1944923,-4.4844923,-4.344492,-5.264492,-3.3444922
-6.304492,-6.7344923,-7.034492,-7.184492,-7.2344923,-7.284492,-7.304492,-7.2544923,-7.354492,-7.2744923,-6.9644923,-5.264492,-0.8244922,-0.2544922,1.1055079,1.8955078,1.2455078,1.4855078,1.6655078,1.4155078,0.9255078,-0.30449218,-1.9944922,-3.5544922,-3.964492,-3.2544923,-1.9744922,-2.224492,-2.1144922,-2.4144921,-2.0844922,-1.8444922,-2.0844922,-2.2444923,-2.3744922,-6.2744923,-8.964492,-4.974492,-9.584492,-11.584492,-9.584492,-4.764492,-5.2144923,-5.4844923,-6.0444922,-6.0444922,-6.1744924,-6.744492,-6.6544924,-5.434492,-4.1344924,-3.9944923,-3.934492,-3.4944923,-3.3044922,-3.2544923,-3.474492,-3.5444922,-3.8644922
