public/data/weather/wind-json-20190612.json
{"header": { "discipline":0, "disciplineName":"Meteorological products", "gribEdition":2, "gribLength":75466, "center":7, "centerName":"US National Weather Service - NCEP(WMC)", "subcenter":0, "refTime":"2019-06-12T00:00:00.000Z", "significanceOfRT":1, "significanceOfRTName":"Start of forecast", "productStatus":0, "productStatusName":"Operational products", "productType":1, "productTypeName":"Forecast products", "productDefinitionTemplate":0, "productDefinitionTemplateName":"Analysis/forecast at horizontal level/layer at a point in time", "parameterCategory":2, "parameterCategoryName":"Momentum", "parameterNumber":3, "parameterNumberName":"V-component_of_wind", "parameterUnit":"m.s-1", "genProcessType":2, "genProcessTypeName":"Forecast", "forecastTime":0, "surface1Type":103, "surface1TypeName":"Specified height level above ground", "surface1Value":10.0, "surface2Type":255, "surface2TypeName":"Missing", "surface2Value":0.0, "gridDefinitionTemplate":0, "gridDefinitionTemplateName":"Latitude_Longitude", "numberPoints":65160, "shape":6, "shapeName":"Earth spherical with radius of 6,371,229.0 m", "gridUnits":"degrees", "resolution":48, "winds":"true", "scanMode":0, "nx":360, "ny":181, "basicAngle":0, "lo1":0.0, "la1":90.0, "lo2":359.0, "la2":-90.0, "dx":1.0, "dy":1.0 }, "data":
[rows 78 to 103 of 181, columns 236 to 294 of 360]
-4.9044924,-4.5244923,-4.034492,-3.4844923,-3.4844923,-3.8644922,-4.054492,-3.9044921,-3.5644922,-2.8644922,-2.7344923,-3.1244922,-4.584492,-4.804492,-4.514492,-2.964492,-1.7344922,-1.4244922,0.22550781,0.8855078,0.20550781,0.3355078,-0.014492188,1.3355079,-0.7344922,-3.5544922,-4.2344923,-2.7544923,-2.4044921,-2.1244922,-0.88449216,0.61550784,1.8655078,2.6455078,1.1455078,1.2455078,2.6655078,0.26550782,0.17550781,-0.7744922,-0.6644922,-2.6544921,-2.8744922,-2.1644921,-2.9844923,-3.8944921,-2.724492,-1.5844922,-2.5744922,-4.204492,-5.184492,-5.064492,-3.204492,-3.1644921,-0.21449219,-0.62449217,-1.1144922,-2.0944922,-2.9844923
-4.724492,-4.5444922,-4.1144924,-3.8144922,-3.724492,-4.3844924,-4.0444922,-3.8944921,-2.8844922,-2.0944922,-1.6144922,-1.7344922,-2.4844923,-3.3244922,-1.7144922,-0.69449216,-0.56449217,-0.27449217,-1.2444922,-2.3644922,-2.0344923,-0.13449219,-0.7944922,-0.6444922,-1.8144922,-5.2544923,-3.2744923,-1.2744921,-1.4444922,-0.7744922,0.15550782,0.16550781,0.20550781,0.38550782,-0.0044921874,0.3355078,-0.8644922,-2.974492,-4.084492,2.4555078,0.16550781,-2.704492,-2.934492,-3.0144923,-4.204492,-4.454492,-1.2044922,-1.6244922,-3.724492,-6.0044923,0.3955078,-0.114492185,-2.8044922,-5.514492,-0.024492187,0.10550781,-1.9944922,-1.4144921,-4.184492
-3.6744921,-3.7944922,-3.934492,-4.094492,-4.514492,-4.164492,-3.6544921,-3.6144922,-2.6644921,-2.0444922,-2.1344922,-2.2944922,-3.9844923,-3.2344923,-0.7944922,1.3655078,2.1355078,2.1955078,-0.2544922,-2.7344923,-2.4844923,-2.7844923,-2.3444922,-2.4244921,-3.8144922,-3.954492,-2.6644921,-1.4244922,-0.69449216,-0.3544922,-0.6544922,-0.8444922,-1.7744921,-2.7644923,-1.6444921,-1.1944922,0.04550781,1.3255078,1.7855078,2.3855078,-0.09449219,0.5955078,-2.3044922,-3.1644921,-2.9944923,-1.6844922,-1.4644922,-1.5644922,-3.724492,-3.6344922,-2.2844923,-0.15449218,-6.604492,0.5055078,1.3855078,-0.75449216,-1.5444922,-2.214492,-2.0544922
-3.0744922,-3.704492,-4.534492,-4.514492,-3.7944922,-3.944492,-4.264492,-3.7344923,-2.7844923,-3.1044922,-3.6344922,-1.9944922,-0.9744922,-1.0444922,0.93550783,2.8355079,2.9755077,2.3655078,1.5655078,-0.07449219,-2.434492,-2.6344922,-1.6644921,-1.0444922,-1.5144922,-2.444492,-1.7144922,-0.5744922,-0.3544922,-1.1744922,-1.2744921,-2.204492,-2.934492,-3.7844923,-2.434492,-0.3144922,1.5455078,2.4455078,2.4655077,2.8655078,2.5955079,-0.50449216,3.535508,2.6855078,-0.3144922,0.61550784,0.25550783,-1.9544922,-1.1944922,-1.1744922,-1.4144921,-0.50449216,-0.9744922,1.6955078,-1.7144922,-0.39449218,-0.9544922,-1.7844921,-4.454492
-3.5544922,-3.3944921,-2.1044922,-1.6744922,-2.4844923,-3.8644922,-2.194492,-1.3544922,-2.4844923,-2.184492,0.3155078,1.6655078,1.5455078,2.285508,2.5855079,3.7655077,3.9455078,3.6155078,2.6055079,1.7455078,1.4355078,0.10550781,-0.12449219,1.1355078,-0.39449218,-1.0344921,-0.39449218,0.61550784,0.6955078,0.8955078,0.4555078,-0.5544922,0.5155078,-1.1544921,-0.5844922,1.0055078,2.565508,2.2555077,2.4255078,3.1855078,3.0755079,1.4655079,2.2255077,2.0855079,1.7155079,1.2655078,-0.16449219,-0.23449218,-0.5244922,-1.1644921,-0.6544922,0.38550782,0.3355078,-1.2144922,-1.5344921,-1.6844922,-1.2844921,-0.7744922,-1.2644922
-0.09449219,-0.8444922,1.3355079,0.5355078,0.3955078,-1.3644922,2.1255078,1.5455078,-0.7844922,2.0155077,4.7655077,4.195508,4.165508,4.695508,4.675508,4.4955077,4.3055077,4.195508,3.4155078,2.9855077,2.7155077,2.1855078,2.315508,1.8955078,1.0955079,2.1055079,1.5155078,1.3555079,1.6455078,2.315508,3.1155078,3.4855077,2.3855078,2.6155078,3.6555078,3.6455078,4.155508,3.6955078,3.035508,2.6655078,2.285508,2.6755078,3.1455078,1.8755078,1.8255078,0.6055078,0.04550781,-0.054492187,-1.0344921,-0.5744922,-0.50449216,-0.5844922,0.35550782,-1.0744922,-1.8644922,-2.5744922,-3.3244922,-1.5444922,0.7255078
0.6655078,1.2155079,0.55550784,-0.49449217,-1.5744922,-1.0444922,5.0955076,4.645508,4.9955077,4.9955077,6.215508,5.565508,5.405508,5.5355077,6.8055077,6.3055077,5.645508,5.4955077,4.9555078,4.935508,5.0355077,4.935508,3.815508,3.035508,3.315508,3.805508,2.7455077,3.3955078,3.4555078,4.0555077,5.2055078,6.2655077,6.0955076,6.605508,7.045508,7.2655077,6.025508,5.465508,4.675508,4.695508,4.155508,2.6455078,2.0855079,2.295508,1.4755079,0.7355078,1.0255078,0.3655078,0.29550782,-0.48449218,0.2455078,0.7155078,-1.5444922,-2.8344922,-2.1044922,-3.5744922,0.20550781,0.1355078,-0.4644922
1.6755078,1.4655079,2.2455077,3.0755079,3.0855079,1.2155079,4.0355077,4.7255077,4.775508,6.295508,6.2055078,6.8655076,7.105508,7.0555077,6.855508,6.775508,6.695508,6.025508,5.2455077,5.185508,5.235508,5.005508,5.065508,4.935508,4.875508,4.5755076,4.415508,4.735508,5.6155076,6.5355077,6.7855077,6.415508,6.2055078,7.5355077,7.675508,8.235508,8.095508,7.905508,7.715508,7.165508,5.685508,5.125508,3.4955077,0.8955078,0.5155078,1.8955078,1.0955079,0.7555078,-0.8344922,-0.10449219,0.47550783,-0.9044922,-0.9144922,-1.5044922,-2.6244922,-0.7744922,0.9755078,-0.4644922,0.2755078
2.6155078,3.025508,2.5955079,1.6155078,2.6555078,3.9055078,4.795508,4.625508,5.155508,5.7655077,6.085508,6.315508,6.5355077,6.665508,6.675508,6.395508,5.9755077,5.655508,5.175508,4.8055077,4.935508,4.7855077,5.2855077,5.405508,5.315508,5.375508,6.235508,6.5755076,6.355508,6.3055077,6.3655076,6.045508,6.485508,7.175508,7.8055077,8.015508,7.8655076,7.5755076,7.275508,6.915508,6.5955076,5.7455077,4.8655076,3.3355079,1.6655078,0.10550781,0.3055078,0.6055078,1.3055078,1.5355078,0.15550782,-2.0244923,-0.69449216,-0.7844922,-0.2544922,0.04550781,0.1355078,-0.23449218,0.23550782
2.8655078,3.3255079,3.4355078,3.555508,4.125508,4.505508,4.415508,4.215508,4.5155077,5.0355077,5.4955077,5.565508,5.655508,5.6155076,5.2855077,4.8855076,4.8455076,5.1155076,4.815508,4.605508,4.545508,4.835508,5.315508,5.905508,5.895508,5.935508,5.875508,6.255508,5.905508,5.8855076,5.715508,5.4555078,4.9755077,6.0555077,6.4555078,6.4755077,6.3455076,6.945508,7.1155076,7.0155077,6.665508,5.935508,5.425508,4.7055078,3.7255077,2.545508,1.2155079,-0.5144922,0.3355078,1.7455078,0.41550782,0.8155078,0.08550781,-0.4444922,0.1355078,0.55550784,0.62550783,-0.014492188,0.3955078
2.9355078,3.035508,3.4155078,3.565508,3.6455078,3.6655078,3.535508,3.3855078,3.2655077,3.7455077,3.9555078,3.9955077,4.085508,4.2055078,4.165508,3.805508,3.3955078,3.4455078,3.5755079,3.4455078,3.565508,4.195508,4.7855077,5.375508,5.125508,5.835508,5.7255077,5.9755077,5.9955077,6.0555077,5.935508,5.815508,3.7055078,4.755508,5.1155076,5.435508,5.585508,5.425508,5.1155076,4.8055077,4.605508,5.105508,5.945508,5.565508,4.645508,2.1955078,-0.42449218,-0.014492188,0.68550783,-0.24449219,0.9055078,0.5855078,0.29550782,0.5155078,0.8955078,0.5955078,0.7355078,0.86550784,0.8355078
2.1555078,2.6755078,2.9455078,3.2255077,2.8755078,2.6355078,2.5755079,2.4555078,2.795508,2.9855077,3.1455078,3.2555077,3.3855078,3.305508,3.3355079,3.2455077,3.0855079,2.9255078,2.3455079,2.6955078,2.4455078,2.6255078,3.285508,3.9455078,4.7055078,5.2255077,5.435508,5.585508,5.415508,5.355508,5.355508,5.1155076,2.4955077,2.3555079,4.155508,5.0755076,5.2455077,5.2655077,5.195508,5.235508,5.435508,5.5355077,5.065508,5.005508,4.935508,-1.3844922,0.3455078,-0.63449216,0.04550781,0.7755078,0.8155078,0.25550783,0.5955078,0.7255078,0.6955078,0.5255078,0.2155078,0.32550782,0.15550782
2.045508,2.3455079,2.5055077,2.4655077,2.4455078,2.2055078,1.9055078,1.9555078,2.4355078,2.8755078,2.7555077,2.6455078,2.6855078,2.275508,2.2255077,2.2455077,2.4555078,2.7255077,2.6055079,2.1555078,2.4855077,2.545508,2.6455078,3.4155078,4.2455077,4.625508,4.605508,4.605508,4.2455077,3.8955078,3.5755079,3.6955078,6.0755076,2.2155077,4.5955076,5.215508,5.025508,5.295508,5.655508,5.755508,5.855508,5.8055077,5.255508,4.355508,0.1355078,0.9055078,1.1655078,-0.5144922,0.26550782,0.055507813,-0.034492187,0.2855078,0.7955078,0.29550782,0.11550781,0.2855078,0.47550783,0.2755078,0.07550781
2.2455077,2.2355077,1.8555079,2.1055079,2.0855079,1.8555079,1.7355078,1.8255078,2.2055078,2.295508,2.3855078,2.275508,2.275508,1.9455078,1.8055078,1.6055079,2.045508,2.5955079,3.055508,3.7055078,3.8555079,3.545508,4.0355077,3.9055078,3.7655077,4.0355077,3.775508,4.195508,4.175508,3.8755078,3.5055077,4.145508,4.505508,4.105508,4.7055078,4.815508,4.715508,4.8055077,4.835508,4.895508,5.045508,5.0755076,4.795508,5.215508,-1.2144922,0.5255078,-0.50449216,-0.50449216,-0.49449217,-0.16449219,0.04550781,-0.24449219,0.035507813,-0.19449219,-0.4144922,-0.4644922,-0.16449219,0.2455078,0.5955078
2.5855079,2.7355077,2.6355078,2.1655078,1.7055078,1.1455078,1.2055078,1.2555078,1.7955078,1.8955078,2.0755079,1.9455078,2.045508,1.8255078,1.9555078,1.9855078,1.8455079,2.4055078,2.8955078,3.4655077,3.775508,4.695508,4.915508,4.685508,4.3055077,4.6355076,4.215508,4.1355076,4.195508,4.165508,3.9155078,3.8255079,4.0955076,4.945508,5.105508,5.105508,4.7655077,4.4955077,4.2055078,4.3655076,4.5555077,4.425508,4.605508,2.6555078,1.5055078,-0.26449218,-0.24449219,-0.2944922,-0.81449217,-0.75449216,-0.6544922,-0.3744922,-0.16449219,-0.3244922,-0.2944922,0.7855078,0.5455078,-0.0044921874,-0.024492187
2.8355079,2.8655078,2.4355078,2.1455078,1.7655078,1.7855078,1.7755078,2.1055079,1.7055078,2.1055079,1.7955078,1.8455079,1.6655078,1.6655078,1.8355079,2.2055078,2.3355079,2.5855079,2.9455078,3.1755078,3.1755078,3.6455078,4.195508,4.405508,4.755508,4.645508,4.625508,4.3855076,3.9355078,4.085508,3.8455079,4.0355077,4.2255077,4.8255076,5.0755076,5.1355076,5.125508,5.255508,5.125508,5.005508,5.3255076,5.395508,6.0755076,3.9255078,-0.034492187,-1.5444922,-0.4144922,-0.4044922,-0.6644922,-0.42449218,-0.45449218,-0.50449216,-0.9344922,-0.8244922,-0.21449219,-0.10449219,0.3655078,0.3455078,0.62550783
2.8555079,2.8455079,2.775508,2.0855079,2.055508,2.5955079,2.5855079,2.6455078,3.065508,2.9455078,2.815508,1.8855078,1.6955078,1.6755078,1.0655078,1.3855078,2.4555078,3.2155077,3.3855078,3.3455079,3.2255077,3.0755079,3.525508,3.5855079,3.9055078,4.215508,4.465508,4.4955077,4.3255076,3.8855078,4.275508,4.465508,4.3055077,4.655508,4.7855077,4.965508,5.2655077,5.605508,5.505508,5.3255076,5.3255076,5.815508,7.505508,6.445508,-0.15449218,-0.4444922,-0.3844922,-1.0144922,-0.69449216,-0.6444922,-0.48449218,-0.39449218,0.015507813,0.2155078,-0.2844922,-0.4044922,-0.5244922,-0.42449218,0.07550781
2.5755079,2.7655077,2.7355077,2.6155078,2.2355077,1.7655078,2.1355078,2.6055079,2.8755078,2.2155077,2.6155078,2.3455079,1.6755078,1.2155079,1.1755078,1.9455078,2.795508,2.8955078,2.9155078,3.3455079,3.3955078,3.545508,3.565508,3.9155078,3.8355079,3.6955078,4.275508,4.7655077,4.465508,4.795508,5.105508,5.125508,5.235508,5.215508,4.795508,4.7055078,4.8655076,5.215508,5.545508,5.565508,5.3455076,5.295508,6.165508,6.125508,0.44550782,-0.7344922,0.99550784,-0.9744922,-1.6344922,-1.0544922,-1.0544922,-0.7744922,-0.87449217,-0.7144922,-0.5244922,-0.07449219,0.6555078,-0.24449219,-0.88449216
1.9155078,2.1555078,2.9755077,3.025508,3.0955079,3.065508,1.8355079,2.1855078,2.4055078,3.1855078,3.6355078,4.195508,4.505508,1.1155078,1.5755078,2.525508,3.4255078,3.8955078,3.6755078,3.4555078,3.525508,3.565508,3.7255077,3.8855078,3.9655077,4.3455076,4.485508,4.3255076,4.255508,4.235508,4.7255077,5.275508,4.935508,5.0555077,4.605508,4.5755076,4.7855077,4.835508,5.315508,5.6355076,5.675508,5.815508,5.665508,5.935508,5.3855076,-0.014492188,0.055507813,-0.09449219,-1.0944922,-1.5544922,-1.7144922,-0.88449216,-0.39449218,-0.3244922,-0.5944922,0.015507813,-0.24449219,-0.26449218,0.095507815
0.9655078,1.1755078,1.6155078,2.315508,2.8655078,2.9855077,2.8555079,2.1755078,2.3655078,2.8655078,3.045508,3.4455078,4.105508,4.2655077,3.1255078,2.7255077,3.1355078,3.6655078,3.9055078,3.1755078,3.285508,3.305508,3.3455079,3.3855078,3.7355077,4.2055078,4.5555077,4.8255076,4.6355076,4.875508,4.9955077,5.375508,5.235508,4.625508,4.5955076,4.4555078,4.625508,4.905508,5.025508,5.465508,5.585508,6.195508,5.695508,5.435508,7.105508,-0.81449217,-1.4644922,-0.6044922,-0.18449219,-0.5844922,-0.5844922,-0.4344922,0.2455078,0.3355078,0.14550781,0.17550781,0.2755078,0.5855078,0.7055078
0.44550782,0.4255078,0.8555078,1.3355079,2.1155078,2.6055079,2.2555077,1.7955078,1.7755078,1.7355078,1.5455078,2.025508,3.2355077,3.035508,3.2655077,3.035508,2.6755078,2.8855078,3.4255078,3.8855078,3.9255078,4.005508,4.025508,4.1355076,3.785508,3.815508,4.445508,4.7855077,5.2055078,4.655508,4.695508,5.3055077,6.085508,6.375508,5.065508,5.5355077,5.2855077,5.005508,5.105508,5.7255077,5.5755076,5.655508,5.925508,5.715508,6.2055078,3.3655078,-0.7444922,0.9055078,-0.2944922,-0.13449219,0.04550781,0.10550781,-0.2944922,-0.7344922,-0.22449219,-0.33449218,-0.6644922,0.3055078,0.5455078
0.38550782,0.2755078,0.5755078,0.7155078,1.1855078,1.2555078,1.4655079,0.62550783,0.48550782,0.5155078,0.6055078,1.2655078,1.8155078,2.4055078,2.8455079,3.2655077,2.9755077,3.2555077,3.1455078,3.5755079,4.2655077,3.9955077,3.9455078,4.185508,4.3455076,4.2855077,4.375508,4.3455076,4.445508,5.065508,4.965508,4.925508,5.5555077,6.375508,6.7455077,6.565508,6.4955077,5.5555077,5.155508,5.395508,5.755508,5.9755077,6.025508,5.7455077,5.755508,6.9755077,-1.2844921,-1.3544922,0.4355078,-0.4144922,-0.6544922,-0.9144922,-0.18449219,0.32550782,-0.5244922,-0.1444922,-0.16449219,-0.4444922,-0.21449219
1.8555079,1.3255078,1.1755078,0.62550783,0.22550781,0.22550781,0.32550782,0.04550781,-0.24449219,-0.5844922,-0.3144922,0.5055078,1.0655078,1.2455078,2.035508,2.1155078,2.6655078,3.0055077,3.3755078,3.565508,3.6155078,3.795508,3.8455079,4.005508,4.2455077,4.295508,4.335508,4.545508,4.5755076,4.4555078,4.735508,4.985508,4.9555078,4.9555078,5.915508,6.605508,7.065508,6.625508,5.7455077,5.795508,6.195508,6.525508,6.655508,6.375508,6.335508,6.9555078,2.4055078,-2.1144922,-1.0044922,-0.4744922,-0.6544922,-0.6144922,-0.5444922,-0.23449218,0.5755078,-0.4744922,0.10550781,-0.3144922,-0.4644922
1.5355078,1.6055079,1.2355078,0.9455078,0.9755078,-0.054492187,-0.4044922,-0.50449216,-1.6644921,-1.5244921,-0.9244922,0.04550781,0.5155078,0.7155078,0.6755078,1.0955079,1.0355078,1.9855078,2.6555078,2.7655077,2.9555078,3.1955078,3.555508,3.9155078,4.065508,4.2455077,4.315508,4.395508,4.405508,4.435508,4.5555077,4.7255077,4.855508,5.235508,5.7655077,6.2655077,6.7655077,6.875508,6.625508,6.295508,6.235508,6.525508,6.4555078,6.545508,6.565508,6.8655076,8.2155075,-0.26449218,0.10550781,1.3355079,-1.1944922,-0.33449218,-0.8544922,-0.6544922,-0.6044922,-0.56449217,-0.9144922,-0.75449216,-0.21449219
1.0155078,1.0555078,1.0055078,0.7755078,0.3055078,0.22550781,0.3355078,-1.5344921,-2.3344922,-2.7844923,-1.9144921,-1.1444921,-0.6744922,-0.18449219,0.16550781,0.5055078,0.8255078,1.1355078,1.5155078,1.5055078,1.9655079,2.6555078,3.315508,3.4455078,3.4855077,3.7655077,4.0955076,4.2455077,4.6155076,4.775508,4.8855076,4.945508,4.935508,5.0955076,5.165508,5.9955077,6.295508,6.435508,6.3855076,6.3455076,6.425508,6.6355076,6.815508,6.775508,6.525508,6.335508,6.4755077,4.405508,-1.0444922,-1.2344922,1.6255078,0.5455078,1.5455078,-0.8044922,-0.8044922,-0.3844922,-0.50449216,-0.3244922,-0.9044922
0.5755078,0.7055078,0.3655078,0.095507815,0.5055078,0.25550783,-0.09449219,0.38550782,-3.1544921,-3.3944921,-2.1244922,-1.4844922,-0.6844922,-0.33449218,-0.20449218,-0.114492185,0.07550781,0.55550784,0.41550782,0.6955078,1.1455078,1.8455079,2.6855078,3.2155077,3.4855077,3.4755077,3.6055079,3.9355078,4.175508,4.375508,4.465508,4.465508,4.5955076,4.8455076,5.175508,5.315508,5.5155077,5.545508,5.625508,6.085508,6.4555078,6.655508,7.0755076,7.175508,6.875508,6.2655077,6.405508,6.155508,1.1255078,-1.0144922,-0.48449218,0.7655078,0.9155078,1.0155078,0.5255078,-0.5744922,-0.8444922,-1.0244921,-1.1244922
